7.870085043784899037e-01
6.800204237302144294e-01
6.435678735757485169e-01
6.211306519997426001e-01
6.028992185225853229e-01
5.837244498424041250e-01
5.767800140075194371e-01
5.670563519001007302e-01
5.641909860647641439e-01
5.513607419454134018e-01
5.462191146153669852e-01
5.459986954163282835e-01
5.424170949520208396e-01
5.341047739371275194e-01
5.353891296264452482e-01
5.300364544758430219e-01
5.305323969095181447e-01
5.288306384514539493e-01
5.231968460938869470e-01
5.238069693247476843e-01
5.205046925789270640e-01
5.147413082611866919e-01
5.151418520854069705e-01
5.206837032085810391e-01
5.179909269014993933e-01
5.108817725609510196e-01
5.128652867598411103e-01
5.049871565439761900e-01
5.083462470617049478e-01
5.075018468575599462e-01
5.120777863722580925e-01
5.039703589219313162e-01
5.061487460747743361e-01
5.103566976693960644e-01
5.133249935431357658e-01
5.035127095687084164e-01
5.074413696924845452e-01
5.086203391735369950e-01
5.035001366566389525e-01
5.077422890907679065e-01
5.063336063653994801e-01
5.066115519939324852e-01
5.018251912716107377e-01
5.088180930186541051e-01
5.066778554366184739e-01
5.027526711806272752e-01
5.041708851471925490e-01
5.028304550892267466e-01
5.064845840136210642e-01
5.093370945025712526e-01
5.005452710848588005e-01
5.087820934943664275e-01
5.063454667727153025e-01
5.053128885917174129e-01
5.066133586259988775e-01
5.028811051295354329e-01
5.111618748077979557e-01
5.055217678730304920e-01
5.036438608780885451e-01
5.055310049118140192e-01
5.067514590727977275e-01
5.052839500781817206e-01
5.049240217759058957e-01
5.035441380280715196e-01
5.061577563102428456e-01
5.053292314211527136e-01
5.004372686911852108e-01
5.035660477784963396e-01
5.067857899726965210e-01
5.027063482846969578e-01
5.057029927388215773e-01
5.086560451067411170e-01
5.001792897016573702e-01
5.036966221454816095e-01
5.073981407361153328e-01
5.037146595808176253e-01
5.101507325967152839e-01
5.032191634178161399e-01
5.038964586380200172e-01
5.068055904828585589e-01
5.084738237735552113e-01
5.032636110599224555e-01
5.061348198316035774e-01
5.034684514388060306e-01
5.053753152871742760e-01
5.062147777814131056e-01
5.103294154008229944e-01
5.065525149687742923e-01
5.067539034745631721e-01
5.009794394175212107e-01
5.062157817375965152e-01
5.087613732386857546e-01
5.038024355203677418e-01
5.051333083556248660e-01
5.012697314604734888e-01
5.038786078110719657e-01
4.989051808149386757e-01
5.105037440092136114e-01
5.035718101721543549e-01
5.064607010437891521e-01
5.059329068049406297e-01
5.092895136429713698e-01
5.073599775632222642e-01
5.060799878377181260e-01
5.043320215665376693e-01
5.050272207993727891e-01
5.051100052320040001e-01
5.040243804454803689e-01
5.076899692034110290e-01
5.032373656065035616e-01
5.063244465069892675e-01
5.015895441556588175e-01
5.059720916625780607e-01
5.050391735174717400e-01
5.027424497482103627e-01
5.058502117792765818e-01
5.081535774927873339e-01
5.039926709272922745e-01
5.043506342631119965e-01
5.035107392531175119e-01
5.040312190850575469e-01
5.059857605359493471e-01
5.057728460201850185e-01
5.106591116159390209e-01
5.052062678031432608e-01
5.130974344718151059e-01
5.104456181709583484e-01
5.081626477913978590e-01
5.071914546000652058e-01
5.083191955700898657e-01
5.061709893055451603e-01
5.030557617163047279e-01
5.073169173338474280e-01
5.026723922827305291e-01
5.071174788169371395e-01
5.056446096835992554e-01
5.069446169413053260e-01
5.036829356963817839e-01
5.077687576795235636e-01
5.069210159472929966e-01
4.996706716525248781e-01
5.064972793444608712e-01
5.089450443402314672e-01
