5.396233974358974894e-01
5.890625000000000444e-01
6.226762820512820040e-01
6.567307692307692291e-01
6.760416666666666519e-01
6.980368589743589647e-01
7.074519230769230616e-01
7.168269230769230838e-01
7.211538461538461453e-01
7.338141025641025106e-01
7.356971153846153522e-01
7.383413461538461675e-01
7.412660256410256165e-01
7.470352564102563653e-01
7.454326923076922684e-01
7.460336538461538325e-01
7.501201923076923350e-01
7.494391025641025106e-01
7.547676282051282159e-01
7.541266025641025772e-01
7.592147435897436125e-01
7.581330128205128194e-01
7.638621794871794934e-01
7.594951923076923572e-01
7.615384615384614975e-01
7.653044871794871806e-01
7.663461538461538991e-01
7.656650641025640747e-01
7.656650641025640747e-01
7.645432692307692069e-01
7.656250000000000000e-01
7.687099358974358587e-01
7.656250000000000000e-01
7.685496794871794490e-01
7.623397435897435459e-01
7.724759615384615419e-01
7.683894230769230393e-01
7.688701923076922684e-01
7.719951923076923128e-01
7.665865384615384581e-01
7.679887820512820706e-01
7.684695512820512997e-01
7.725961538461538769e-01
7.657451923076923350e-01
7.695512820512820928e-01
7.661458333333333037e-01
7.688301282051281937e-01
7.692307692307692735e-01
7.663461538461538991e-01
7.643028846153846478e-01
7.717548076923076428e-01
7.661057692307692291e-01
7.637419871794871584e-01
7.680689102564102200e-01
7.688701923076922684e-01
7.706730769230769607e-01
7.642227564102563875e-01
7.669871794871795379e-01
7.673477564102564319e-01
7.676282051282051766e-01
7.700721153846153966e-01
7.651442307692307709e-01
7.701522435897435459e-01
7.687900641025641191e-01
7.676282051282051766e-01
7.683493589743589647e-01
7.719150641025640525e-01
7.712339743589743390e-01
7.665464743589743835e-01
7.679887820512820706e-01
7.671474358974359475e-01
7.637419871794871584e-01
7.714743589743590091e-01
7.691506410256410131e-01
7.710336538461538547e-01
7.699519230769230616e-01
7.625400641025641413e-01
7.697916666666666519e-01
7.705528846153846256e-01
7.651842948717948456e-01
7.651842948717948456e-01
7.704326923076922906e-01
7.670673076923076872e-01
7.695913461538461675e-01
7.657852564102564097e-01
7.666266025641025328e-01
7.647836538461538769e-01
7.666666666666667185e-01
7.671474358974359475e-01
7.686698717948717841e-01
7.692307692307692735e-01
7.665464743589743835e-01
7.693509615384614975e-01
7.669871794871795379e-01
7.726762820512820262e-01
7.711939102564102644e-01
7.709935897435897800e-01
7.655048076923076650e-01
7.676682692307692513e-01
7.679487179487179960e-01
7.696714743589743168e-01
7.666666666666667185e-01
7.650641025641025106e-01
7.677483974358974006e-01
7.691907051282050878e-01
7.675080128205128416e-01
7.693509615384614975e-01
7.690705128205128638e-01
7.703525641025641413e-01
7.682692307692308153e-01
7.688301282051281937e-01
7.749599358974359475e-01
7.710737179487179294e-01
7.711538461538461897e-01
7.708733974358974450e-01
7.704326923076922906e-01
7.660657051282051544e-01
7.660256410256410797e-01
7.708333333333333703e-01
7.671073717948717618e-01
7.692708333333333481e-01
7.698317307692307265e-01
7.683092948717948900e-01
7.669070512820512775e-01
7.700320512820513219e-01
7.660256410256410797e-01
7.665865384615384581e-01
7.697115384615385025e-01
7.683493589743589647e-01
7.647035256410256165e-01
7.688701923076922684e-01
7.699919871794871362e-01
7.670272435897436125e-01
7.683894230769230393e-01
7.667467948717948678e-01
7.687900641025641191e-01
7.671073717948717618e-01
7.714342948717948234e-01
7.669871794871795379e-01
7.689903846153846034e-01
7.712339743589743390e-01
7.719951923076923128e-01
7.659455128205128194e-01
