5.390625000000000000e-01
4.906249999999999778e-01
5.390625000000000000e-01
5.531249999999999778e-01
5.578125000000000444e-01
5.671874999999999556e-01
5.749999999999999556e-01
5.812500000000000444e-01
6.046875000000000444e-01
5.953125000000000222e-01
5.921874999999999778e-01
6.109375000000000222e-01
5.937500000000000000e-01
6.140624999999999556e-01
5.859375000000000000e-01
5.859375000000000000e-01
6.171875000000000000e-01
5.859375000000000000e-01
6.093750000000000000e-01
6.656250000000000222e-01
6.281250000000000444e-01
6.156249999999999778e-01
6.437500000000000444e-01
6.531249999999999556e-01
6.703124999999999778e-01
6.187500000000000222e-01
6.296874999999999556e-01
6.781249999999999778e-01
6.750000000000000444e-01
6.562500000000000000e-01
6.484375000000000000e-01
6.875000000000000000e-01
6.718750000000000000e-01
6.546874999999999778e-01
6.531249999999999556e-01
6.624999999999999778e-01
6.765624999999999556e-01
6.984375000000000444e-01
6.750000000000000444e-01
7.062500000000000444e-01
6.937499999999999778e-01
6.828125000000000444e-01
6.828125000000000444e-01
6.781249999999999778e-01
6.921874999999999556e-01
6.531249999999999556e-01
7.078124999999999556e-01
7.062500000000000444e-01
7.156249999999999556e-01
6.968750000000000222e-01
6.968750000000000222e-01
7.109375000000000000e-01
7.015624999999999778e-01
6.734375000000000222e-01
7.140625000000000444e-01
7.234374999999999556e-01
7.078124999999999556e-01
6.734375000000000222e-01
7.187500000000000000e-01
7.093749999999999778e-01
6.796875000000000000e-01
6.703124999999999778e-01
6.968750000000000222e-01
7.031250000000000000e-01
7.015624999999999778e-01
7.234374999999999556e-01
6.796875000000000000e-01
7.062500000000000444e-01
7.390624999999999556e-01
7.015624999999999778e-01
7.078124999999999556e-01
7.249999999999999778e-01
7.312499999999999556e-01
7.390624999999999556e-01
7.265625000000000000e-01
7.187500000000000000e-01
7.343750000000000000e-01
7.343750000000000000e-01
7.562499999999999778e-01
7.312499999999999556e-01
7.171874999999999778e-01
7.093749999999999778e-01
7.265625000000000000e-01
7.437500000000000222e-01
6.953125000000000000e-01
7.500000000000000000e-01
7.265625000000000000e-01
7.375000000000000444e-01
7.343750000000000000e-01
7.281250000000000222e-01
7.125000000000000222e-01
7.375000000000000444e-01
7.343750000000000000e-01
7.265625000000000000e-01
7.375000000000000444e-01
7.406249999999999778e-01
7.421875000000000000e-01
7.312499999999999556e-01
7.515625000000000222e-01
7.265625000000000000e-01
7.328124999999999778e-01
7.375000000000000444e-01
7.265625000000000000e-01
7.546874999999999556e-01
7.171874999999999778e-01
7.359375000000000222e-01
7.187500000000000000e-01
7.171874999999999778e-01
7.453125000000000444e-01
7.609375000000000444e-01
7.249999999999999778e-01
7.500000000000000000e-01
7.249999999999999778e-01
7.359375000000000222e-01
6.999999999999999556e-01
7.171874999999999778e-01
7.484374999999999778e-01
7.484374999999999778e-01
7.624999999999999556e-01
7.468749999999999556e-01
7.624999999999999556e-01
7.375000000000000444e-01
7.765625000000000444e-01
7.484374999999999778e-01
7.624999999999999556e-01
7.343750000000000000e-01
7.624999999999999556e-01
7.421875000000000000e-01
7.515625000000000222e-01
7.421875000000000000e-01
7.546874999999999556e-01
7.484374999999999778e-01
7.468749999999999556e-01
7.656250000000000000e-01
7.390624999999999556e-01
7.187500000000000000e-01
7.453125000000000444e-01
7.609375000000000444e-01
7.265625000000000000e-01
7.656250000000000000e-01
7.359375000000000222e-01
7.515625000000000222e-01
7.656250000000000000e-01
7.453125000000000444e-01
7.468749999999999556e-01
7.656250000000000000e-01
7.468749999999999556e-01
7.718749999999999778e-01
7.687500000000000444e-01
7.453125000000000444e-01
7.390624999999999556e-01
7.500000000000000000e-01
7.515625000000000222e-01
7.609375000000000444e-01
7.500000000000000000e-01
7.406249999999999778e-01
7.484374999999999778e-01
7.671875000000000222e-01
7.421875000000000000e-01
7.546874999999999556e-01
7.453125000000000444e-01
7.578125000000000000e-01
7.812500000000000000e-01
7.640624999999999778e-01
7.515625000000000222e-01
7.531250000000000444e-01
7.750000000000000222e-01
7.656250000000000000e-01
7.593750000000000222e-01
7.500000000000000000e-01
7.765625000000000444e-01
7.546874999999999556e-01
7.484374999999999778e-01
7.453125000000000444e-01
7.328124999999999778e-01
7.671875000000000222e-01
7.843750000000000444e-01
7.640624999999999778e-01
7.843750000000000444e-01
7.500000000000000000e-01
7.874999999999999778e-01
7.718749999999999778e-01
7.640624999999999778e-01
7.937499999999999556e-01
7.906250000000000222e-01
7.874999999999999778e-01
8.046875000000000000e-01
7.656250000000000000e-01
7.515625000000000222e-01
7.984375000000000222e-01
7.937499999999999556e-01
7.703124999999999556e-01
7.609375000000000444e-01
7.812500000000000000e-01
7.718749999999999778e-01
7.296875000000000444e-01
7.656250000000000000e-01
7.359375000000000222e-01
7.640624999999999778e-01
7.843750000000000444e-01
7.437500000000000222e-01
7.921875000000000444e-01
7.703124999999999556e-01
7.640624999999999778e-01
7.671875000000000222e-01
7.593750000000000222e-01
7.812500000000000000e-01
7.359375000000000222e-01
7.828125000000000222e-01
7.734375000000000000e-01
7.812500000000000000e-01
7.656250000000000000e-01
7.765625000000000444e-01
7.734375000000000000e-01
7.828125000000000222e-01
7.828125000000000222e-01
7.796874999999999778e-01
8.015624999999999556e-01
7.734375000000000000e-01
7.500000000000000000e-01
7.468749999999999556e-01
8.046875000000000000e-01
8.046875000000000000e-01
7.765625000000000444e-01
8.078125000000000444e-01
7.593750000000000222e-01
7.781249999999999556e-01
7.906250000000000222e-01
7.437500000000000222e-01
7.953124999999999778e-01
7.531250000000000444e-01
7.500000000000000000e-01
7.890625000000000000e-01
7.781249999999999556e-01
7.828125000000000222e-01
7.781249999999999556e-01
7.687500000000000444e-01
7.703124999999999556e-01
7.593750000000000222e-01
7.843750000000000444e-01
7.968750000000000000e-01
7.718749999999999778e-01
7.515625000000000222e-01
7.781249999999999556e-01
7.671875000000000222e-01
7.703124999999999556e-01
7.921875000000000444e-01
7.828125000000000222e-01
8.000000000000000444e-01
7.812500000000000000e-01
7.828125000000000222e-01
7.578125000000000000e-01
7.968750000000000000e-01
7.843750000000000444e-01
7.687500000000000444e-01
7.796874999999999778e-01
7.781249999999999556e-01
7.718749999999999778e-01
7.953124999999999778e-01
7.937499999999999556e-01
7.781249999999999556e-01
7.828125000000000222e-01
7.828125000000000222e-01
7.656250000000000000e-01
7.468749999999999556e-01
7.953124999999999778e-01
7.781249999999999556e-01
8.125000000000000000e-01
7.781249999999999556e-01
7.890625000000000000e-01
7.937499999999999556e-01
7.890625000000000000e-01
7.718749999999999778e-01
7.656250000000000000e-01
8.046875000000000000e-01
7.656250000000000000e-01
7.796874999999999778e-01
7.843750000000000444e-01
7.890625000000000000e-01
7.687500000000000444e-01
7.656250000000000000e-01
7.562499999999999778e-01
8.000000000000000444e-01
7.765625000000000444e-01
7.812500000000000000e-01
7.906250000000000222e-01
7.656250000000000000e-01
8.031249999999999778e-01
7.921875000000000444e-01
7.500000000000000000e-01
7.984375000000000222e-01
7.984375000000000222e-01
7.874999999999999778e-01
8.062500000000000222e-01
7.874999999999999778e-01
7.890625000000000000e-01
7.906250000000000222e-01
8.015624999999999556e-01
7.765625000000000444e-01
7.718749999999999778e-01
7.796874999999999778e-01
7.593750000000000222e-01
7.687500000000000444e-01
8.171874999999999556e-01
7.921875000000000444e-01
7.953124999999999778e-01
8.031249999999999778e-01
8.000000000000000444e-01
7.984375000000000222e-01
7.671875000000000222e-01
7.718749999999999778e-01
7.859374999999999556e-01
7.921875000000000444e-01
7.968750000000000000e-01
7.734375000000000000e-01
7.906250000000000222e-01
7.890625000000000000e-01
7.937499999999999556e-01
7.750000000000000222e-01
7.812500000000000000e-01
7.906250000000000222e-01
7.703124999999999556e-01
7.812500000000000000e-01
7.484374999999999778e-01
7.750000000000000222e-01
7.796874999999999778e-01
8.031249999999999778e-01
7.984375000000000222e-01
8.031249999999999778e-01
8.125000000000000000e-01
7.874999999999999778e-01
7.796874999999999778e-01
8.140625000000000222e-01
8.140625000000000222e-01
8.015624999999999556e-01
7.718749999999999778e-01
7.687500000000000444e-01
7.953124999999999778e-01
8.031249999999999778e-01
7.937499999999999556e-01
7.812500000000000000e-01
7.812500000000000000e-01
8.125000000000000000e-01
8.000000000000000444e-01
7.968750000000000000e-01
7.906250000000000222e-01
7.921875000000000444e-01
7.890625000000000000e-01
7.703124999999999556e-01
7.921875000000000444e-01
7.703124999999999556e-01
8.296875000000000222e-01
8.109374999999999778e-01
7.812500000000000000e-01
7.765625000000000444e-01
8.015624999999999556e-01
8.078125000000000444e-01
7.828125000000000222e-01
7.859374999999999556e-01
7.718749999999999778e-01
7.812500000000000000e-01
8.015624999999999556e-01
7.687500000000000444e-01
7.671875000000000222e-01
7.500000000000000000e-01
7.734375000000000000e-01
8.000000000000000444e-01
7.781249999999999556e-01
7.812500000000000000e-01
7.812500000000000000e-01
7.781249999999999556e-01
7.765625000000000444e-01
7.984375000000000222e-01
7.703124999999999556e-01
7.874999999999999778e-01
7.906250000000000222e-01
7.984375000000000222e-01
7.890625000000000000e-01
7.703124999999999556e-01
7.906250000000000222e-01
7.843750000000000444e-01
8.046875000000000000e-01
7.859374999999999556e-01
7.968750000000000000e-01
7.781249999999999556e-01
7.828125000000000222e-01
7.750000000000000222e-01
7.687500000000000444e-01
7.968750000000000000e-01
7.546874999999999556e-01
7.781249999999999556e-01
7.781249999999999556e-01
7.890625000000000000e-01
7.671875000000000222e-01
7.953124999999999778e-01
7.937499999999999556e-01
7.968750000000000000e-01
8.046875000000000000e-01
7.687500000000000444e-01
7.812500000000000000e-01
8.046875000000000000e-01
7.781249999999999556e-01
7.812500000000000000e-01
8.109374999999999778e-01
7.734375000000000000e-01
7.906250000000000222e-01
8.046875000000000000e-01
7.828125000000000222e-01
8.156250000000000444e-01
7.984375000000000222e-01
7.624999999999999556e-01
8.031249999999999778e-01
7.968750000000000000e-01
7.750000000000000222e-01
8.156250000000000444e-01
7.859374999999999556e-01
8.046875000000000000e-01
8.281250000000000000e-01
8.187499999999999778e-01
7.812500000000000000e-01
7.874999999999999778e-01
7.937499999999999556e-01
7.640624999999999778e-01
8.000000000000000444e-01
7.718749999999999778e-01
7.640624999999999778e-01
7.781249999999999556e-01
7.734375000000000000e-01
7.890625000000000000e-01
7.640624999999999778e-01
8.062500000000000222e-01
7.874999999999999778e-01
8.109374999999999778e-01
7.921875000000000444e-01
8.265624999999999778e-01
7.937499999999999556e-01
8.093749999999999556e-01
8.281250000000000000e-01
7.843750000000000444e-01
7.859374999999999556e-01
7.703124999999999556e-01
7.765625000000000444e-01
8.078125000000000444e-01
7.828125000000000222e-01
8.046875000000000000e-01
8.187499999999999778e-01
8.062500000000000222e-01
7.484374999999999778e-01
8.140625000000000222e-01
7.953124999999999778e-01
8.171874999999999556e-01
7.828125000000000222e-01
7.640624999999999778e-01
7.765625000000000444e-01
8.234375000000000444e-01
7.859374999999999556e-01
7.906250000000000222e-01
8.031249999999999778e-01
7.781249999999999556e-01
7.812500000000000000e-01
8.062500000000000222e-01
8.171874999999999556e-01
7.750000000000000222e-01
7.984375000000000222e-01
8.140625000000000222e-01
7.828125000000000222e-01
8.078125000000000444e-01
8.000000000000000444e-01
8.000000000000000444e-01
7.859374999999999556e-01
7.921875000000000444e-01
7.906250000000000222e-01
7.890625000000000000e-01
7.968750000000000000e-01
8.015624999999999556e-01
7.890625000000000000e-01
8.203125000000000000e-01
7.843750000000000444e-01
8.171874999999999556e-01
7.765625000000000444e-01
8.078125000000000444e-01
7.890625000000000000e-01
7.874999999999999778e-01
7.859374999999999556e-01
7.890625000000000000e-01
8.046875000000000000e-01
7.843750000000000444e-01
8.062500000000000222e-01
8.078125000000000444e-01
8.140625000000000222e-01
7.828125000000000222e-01
7.874999999999999778e-01
7.828125000000000222e-01
7.874999999999999778e-01
7.968750000000000000e-01
8.000000000000000444e-01
7.624999999999999556e-01
7.921875000000000444e-01
7.656250000000000000e-01
8.078125000000000444e-01
8.062500000000000222e-01
7.859374999999999556e-01
7.828125000000000222e-01
8.468750000000000444e-01
7.703124999999999556e-01
8.000000000000000444e-01
7.968750000000000000e-01
7.828125000000000222e-01
7.968750000000000000e-01
7.968750000000000000e-01
7.937499999999999556e-01
8.078125000000000444e-01
8.093749999999999556e-01
8.015624999999999556e-01
8.125000000000000000e-01
8.015624999999999556e-01
8.093749999999999556e-01
8.015624999999999556e-01
7.906250000000000222e-01
7.890625000000000000e-01
7.750000000000000222e-01
8.000000000000000444e-01
7.906250000000000222e-01
7.874999999999999778e-01
7.765625000000000444e-01
8.109374999999999778e-01
7.812500000000000000e-01
7.937499999999999556e-01
7.953124999999999778e-01
8.031249999999999778e-01
8.093749999999999556e-01
8.046875000000000000e-01
8.046875000000000000e-01
7.828125000000000222e-01
7.921875000000000444e-01
8.062500000000000222e-01
7.953124999999999778e-01
8.437500000000000000e-01
8.203125000000000000e-01
7.937499999999999556e-01
8.156250000000000444e-01
8.078125000000000444e-01
8.156250000000000444e-01
7.640624999999999778e-01
7.640624999999999778e-01
7.781249999999999556e-01
8.000000000000000444e-01
7.656250000000000000e-01
7.984375000000000222e-01
8.249999999999999556e-01
8.031249999999999778e-01
7.968750000000000000e-01
8.171874999999999556e-01
7.984375000000000222e-01
8.015624999999999556e-01
8.062500000000000222e-01
7.937499999999999556e-01
7.859374999999999556e-01
8.218750000000000222e-01
8.312500000000000444e-01
8.156250000000000444e-01
7.734375000000000000e-01
7.859374999999999556e-01
7.937499999999999556e-01
7.890625000000000000e-01
7.984375000000000222e-01
8.156250000000000444e-01
7.859374999999999556e-01
8.062500000000000222e-01
7.718749999999999778e-01
7.796874999999999778e-01
7.984375000000000222e-01
7.921875000000000444e-01
8.000000000000000444e-01
8.156250000000000444e-01
7.906250000000000222e-01
8.125000000000000000e-01
7.937499999999999556e-01
8.187499999999999778e-01
8.109374999999999778e-01
8.281250000000000000e-01
7.953124999999999778e-01
7.921875000000000444e-01
8.140625000000000222e-01
7.968750000000000000e-01
8.171874999999999556e-01
7.953124999999999778e-01
8.015624999999999556e-01
7.968750000000000000e-01
7.953124999999999778e-01
7.656250000000000000e-01
7.890625000000000000e-01
7.750000000000000222e-01
7.984375000000000222e-01
7.937499999999999556e-01
7.812500000000000000e-01
7.984375000000000222e-01
8.031249999999999778e-01
7.781249999999999556e-01
7.656250000000000000e-01
8.171874999999999556e-01
8.140625000000000222e-01
8.015624999999999556e-01
8.015624999999999556e-01
7.859374999999999556e-01
7.750000000000000222e-01
7.906250000000000222e-01
7.812500000000000000e-01
7.906250000000000222e-01
7.656250000000000000e-01
7.953124999999999778e-01
8.187499999999999778e-01
8.375000000000000222e-01
7.984375000000000222e-01
8.078125000000000444e-01
8.187499999999999778e-01
8.125000000000000000e-01
8.046875000000000000e-01
8.171874999999999556e-01
8.109374999999999778e-01
7.859374999999999556e-01
7.874999999999999778e-01
8.312500000000000444e-01
7.781249999999999556e-01
8.140625000000000222e-01
7.921875000000000444e-01
7.812500000000000000e-01
7.687500000000000444e-01
7.968750000000000000e-01
8.234375000000000444e-01
8.015624999999999556e-01
8.171874999999999556e-01
8.062500000000000222e-01
7.843750000000000444e-01
7.874999999999999778e-01
8.187499999999999778e-01
8.140625000000000222e-01
7.718749999999999778e-01
7.937499999999999556e-01
8.031249999999999778e-01
8.062500000000000222e-01
8.062500000000000222e-01
8.125000000000000000e-01
8.203125000000000000e-01
7.906250000000000222e-01
8.281250000000000000e-01
8.171874999999999556e-01
8.078125000000000444e-01
7.953124999999999778e-01
7.984375000000000222e-01
7.953124999999999778e-01
7.874999999999999778e-01
7.937499999999999556e-01
7.968750000000000000e-01
7.843750000000000444e-01
8.078125000000000444e-01
8.265624999999999778e-01
8.093749999999999556e-01
7.921875000000000444e-01
7.937499999999999556e-01
8.078125000000000444e-01
8.046875000000000000e-01
7.734375000000000000e-01
8.359375000000000000e-01
7.984375000000000222e-01
7.859374999999999556e-01
8.171874999999999556e-01
8.031249999999999778e-01
7.859374999999999556e-01
8.343749999999999778e-01
7.828125000000000222e-01
7.984375000000000222e-01
8.062500000000000222e-01
8.218750000000000222e-01
8.109374999999999778e-01
7.828125000000000222e-01
8.093749999999999556e-01
8.218750000000000222e-01
8.093749999999999556e-01
8.109374999999999778e-01
8.156250000000000444e-01
8.156250000000000444e-01
7.953124999999999778e-01
7.937499999999999556e-01
8.234375000000000444e-01
7.890625000000000000e-01
8.140625000000000222e-01
7.765625000000000444e-01
7.843750000000000444e-01
7.718749999999999778e-01
7.937499999999999556e-01
7.921875000000000444e-01
8.187499999999999778e-01
8.078125000000000444e-01
7.937499999999999556e-01
7.796874999999999778e-01
8.015624999999999556e-01
7.968750000000000000e-01
7.937499999999999556e-01
8.031249999999999778e-01
8.031249999999999778e-01
8.109374999999999778e-01
7.921875000000000444e-01
8.171874999999999556e-01
8.125000000000000000e-01
8.187499999999999778e-01
8.000000000000000444e-01
7.874999999999999778e-01
8.218750000000000222e-01
7.859374999999999556e-01
8.093749999999999556e-01
7.812500000000000000e-01
7.812500000000000000e-01
7.953124999999999778e-01
8.093749999999999556e-01
8.109374999999999778e-01
8.234375000000000444e-01
8.140625000000000222e-01
8.000000000000000444e-01
7.781249999999999556e-01
7.984375000000000222e-01
7.984375000000000222e-01
8.437500000000000000e-01
8.328124999999999556e-01
8.203125000000000000e-01
8.171874999999999556e-01
7.984375000000000222e-01
7.796874999999999778e-01
7.859374999999999556e-01
8.296875000000000222e-01
7.906250000000000222e-01
8.234375000000000444e-01
8.125000000000000000e-01
8.203125000000000000e-01
8.296875000000000222e-01
8.078125000000000444e-01
7.874999999999999778e-01
8.203125000000000000e-01
7.968750000000000000e-01
8.062500000000000222e-01
