9.858384519815445168e-01
1.011105552315711975e+00
8.802091151475905928e-01
8.252525389194488303e-01
8.301512569189071211e-01
8.078684598207473977e-01
7.599111527204513994e-01
7.715344727039337158e-01
6.942050397396087869e-01
7.326729446649551392e-01
7.116664260625839011e-01
7.010026216506958230e-01
7.085861086845397505e-01
6.822511523962020430e-01
6.995956063270568626e-01
6.961402684450149758e-01
6.855884909629821333e-01
7.209174424409866555e-01
6.903639316558838335e-01
6.660600185394287553e-01
7.020094454288482444e-01
6.756683498620986716e-01
6.312770068645476851e-01
6.387177467346191184e-01
6.223916888236999956e-01
6.678225368261336836e-01
6.697664856910705566e-01
5.993989646434784158e-01
6.241062417626380698e-01
6.317284703254699707e-01
6.413758099079132080e-01
6.303577005863190141e-01
6.371327713131904602e-01
6.324487388134002464e-01
6.298753857612610085e-01
6.159979224205016646e-01
6.229954540729523149e-01
5.803601369261741638e-01
6.132244303822517173e-01
6.042380273342132790e-01
6.130353569984435813e-01
5.979914814233779907e-01
6.121757701039314270e-01
5.951422512531280296e-01
6.230290085077285767e-01
6.533046633005141768e-01
5.859366372227668984e-01
5.787092238664627297e-01
5.676215425133704917e-01
5.821077376604080200e-01
6.024393856525420698e-01
5.907608926296233909e-01
5.786692440509796365e-01
6.160411655902862105e-01
5.694806814193725808e-01
5.497700095176696333e-01
5.839762270450592485e-01
6.277180686593055725e-01
5.711875453591346297e-01
5.747530281543731245e-01
6.098936319351195845e-01
6.124150127172469649e-01
5.936642602086067422e-01
5.739721506834030151e-01
5.872730180621147378e-01
5.806144148111342940e-01
5.938263848423958047e-01
5.801142677664756775e-01
5.420379444956779924e-01
5.776013702154159102e-01
5.792427822947502358e-01
5.666704565286636575e-01
5.397122934460639732e-01
5.523301452398300393e-01
5.372175782918929832e-01
5.603747144341468811e-01
5.454359188675880210e-01
5.655056238174438477e-01
5.304124698042869124e-01
5.364475816488265547e-01
5.507864639163017051e-01
5.879394784569740295e-01
5.556098848581314531e-01
5.378436401486397234e-01
5.800640031695365462e-01
5.183279544115066972e-01
5.363827034831046836e-01
5.356503993272780928e-01
5.550502240657806396e-01
5.592522829771041648e-01
5.693803742527961953e-01
5.275326356291770713e-01
5.395417138934135437e-01
5.671977162361144797e-01
5.165383368730545044e-01
5.287285536527633889e-01
5.326462194323540178e-01
5.556941866874695046e-01
5.474902153015136497e-01
5.557138592004775557e-01
5.369111627340317217e-01
5.300439253449440447e-01
5.458973765373229536e-01
5.075873091816902605e-01
5.548029229044914024e-01
5.206356167793273482e-01
5.665423646569252014e-01
5.563930988311767134e-01
5.252551987767219988e-01
5.519255846738815308e-01
5.342207074165343794e-01
5.266761839389800803e-01
5.780333369970321877e-01
5.371345788240432517e-01
5.632218465209006819e-01
5.537660181522369163e-01
5.317108824849128279e-01
5.131826758384704368e-01
5.106958150863647461e-01
5.280130788683891074e-01
5.274110972881317361e-01
5.302265897393226846e-01
4.795756056904793008e-01
5.143478497862815635e-01
5.032804712653160539e-01
5.474552929401397261e-01
5.095777913928032365e-01
5.405272841453552246e-01
5.375131785869597945e-01
5.431847780942916648e-01
5.346274957060813682e-01
5.277423352003097756e-01
5.353641197085380332e-01
5.163490310311317222e-01
5.211667045950889587e-01
5.780026167631149292e-01
5.428267180919646995e-01
5.165370225906371626e-01
5.536278247833251731e-01
5.242687448859214561e-01
5.488723009824753030e-01
5.222732082009315935e-01
4.828079029917716758e-01
5.261500775814056396e-01
5.484168112277985063e-01
5.082686662673949751e-01
5.188523203134536299e-01
5.000707849860190901e-01
5.110411241650580916e-01
5.436489179730414900e-01
5.487100884318352190e-01
5.169329822063446489e-01
5.397733852267265764e-01
5.118087723851203474e-01
5.004910930991173235e-01
5.363220304250717607e-01
5.182995244860648665e-01
4.914994180202484353e-01
5.292592361569404824e-01
5.195055454969406128e-01
5.358578473329543845e-01
4.980285450816154258e-01
5.011609271168708801e-01
4.876798272132873424e-01
5.204745128750800642e-01
5.173809096217155679e-01
4.840058833360671997e-01
5.056789487600326094e-01
5.270373865962028059e-01
5.256585463881492393e-01
4.992820411920547707e-01
5.084485530853271040e-01
5.237275227904319985e-01
5.419565901160240395e-01
5.329277008771896584e-01
5.130668252706527266e-01
4.835046321153640969e-01
5.290299773216247115e-01
4.907091081142425648e-01
5.209557592868805376e-01
4.968124881386756786e-01
5.083510652184486389e-01
5.240730643272399902e-01
4.696133315563201793e-01
4.923467248678207175e-01
4.716627135872840659e-01
4.586432740092277749e-01
4.954416528344154358e-01
5.310332283377647844e-01
4.636884897947311512e-01
4.696622177958488242e-01
4.952608421444892883e-01
5.166131436824799028e-01
4.890578746795654075e-01
4.949571684002876393e-01
5.329318061470985635e-01
5.153199687600136247e-01
5.402040898799895796e-01
5.123361632227897422e-01
4.880890786647796853e-01
5.442506611347198708e-01
4.781413465738296731e-01
4.978614926338195690e-01
5.029557585716247781e-01
4.949179917573928722e-01
5.439898386597633584e-01
4.846569359302520530e-01
5.610586076974868330e-01
4.628834202885627747e-01
5.071067422628402488e-01
4.764254808425903431e-01
5.134406909346580505e-01
4.909138962626456992e-01
4.893992096185684204e-01
5.038707837462425010e-01
4.897872403264045826e-01
4.922654375433921925e-01
5.008230462670326677e-01
5.016984343528747559e-01
5.315760537981987222e-01
5.056136250495910645e-01
4.843068361282348855e-01
4.715852618217468151e-01
4.838576093316078186e-01
4.517221763730049355e-01
5.049302145838737710e-01
4.859420493245124595e-01
4.844604030251503102e-01
5.277574270963668601e-01
4.619264259934425243e-01
5.367249384522437827e-01
5.295547142624854597e-01
4.792483493685722462e-01
5.073965638875961304e-01
5.044666752219200134e-01
4.805174082517623679e-01
4.944771721959114186e-01
4.917304590344429016e-01
5.284330710768699868e-01
4.800997495651245228e-01
4.847815498709678872e-01
5.143371209502219932e-01
5.329314887523650679e-01
5.019007474184036255e-01
4.954719170928001404e-01
5.071968495845794456e-01
4.882877305150031821e-01
4.921899616718292125e-01
4.873985886573791726e-01
4.780679687857627980e-01
4.845996379852294811e-01
5.176226124167442322e-01
4.819431245326996072e-01
4.811186954379081948e-01
5.134233117103577104e-01
4.884082019329071267e-01
4.786827616393566354e-01
5.264331310987472312e-01
4.628200933337211498e-01
4.568532884120941051e-01
4.900455802679061779e-01
4.986303970217704773e-01
4.766798108816147073e-01
5.167780414223670515e-01
5.103753641247749107e-01
4.995602741837501526e-01
4.836777791380882374e-01
4.625254735350609048e-01
5.025384813547134621e-01
4.884569421410560608e-01
4.932339891791343578e-01
5.076205000281334145e-01
5.053627520799637285e-01
4.793409749865532032e-01
4.658004909753799549e-01
4.973425313830375782e-01
4.941969960927963257e-01
4.864559128880500682e-01
4.680852964520454407e-01
5.067607745528220908e-01
5.162974193692206892e-01
5.177678078413009422e-01
4.647943332791328319e-01
4.771496534347534069e-01
5.091280788183212280e-01
4.642643928527832031e-01
5.052723959088325500e-01
4.730329245328903087e-01
4.789253547787666321e-01
5.022708550095558167e-01
4.668810173869132885e-01
4.674530521035194508e-01
4.758765608072280662e-01
4.631704106926918252e-01
4.999385952949523815e-01
4.788720428943634144e-01
4.730593040585517883e-01
4.661761164665222390e-01
5.193038955330848694e-01
4.954047843813896290e-01
4.950880512595176586e-01
4.954356268048286660e-01
4.771342679858207592e-01
4.393537864089012146e-01
4.840332090854644886e-01
4.869379073381424061e-01
4.812565878033637778e-01
4.616738349199295266e-01
4.656474873423576133e-01
5.009474009275436401e-01
5.045777276158333047e-01
5.038448289036751016e-01
4.556508734822273254e-01
4.792254149913787731e-01
5.129571169614791648e-01
4.838092491030693276e-01
4.624427363276481517e-01
4.635170444846153370e-01
4.819556325674057007e-01
4.921817868947983010e-01
4.652548715472221152e-01
5.144557550549506697e-01
4.872056379914283530e-01
5.107794210314751115e-01
5.002523332834243330e-01
4.775440752506255881e-01
4.749983683228492515e-01
4.603741064667701832e-01
4.595453158020973428e-01
4.447519764304160850e-01
4.747380122542381176e-01
4.718992933630943298e-01
4.550266951322555764e-01
4.365064561367034690e-01
4.808835357427597157e-01
4.868052318692207558e-01
5.182250216603279114e-01
4.764134123921394126e-01
4.690266922116279602e-01
4.818642660975456238e-01
4.950896516442299111e-01
4.822977721691131814e-01
4.442898318171500938e-01
4.699616998434066883e-01
4.890435338020324707e-01
4.882131472229957470e-01
4.540572732686996571e-01
4.835940301418304443e-01
4.871173828840255626e-01
4.852373778820037731e-01
5.070782229304313660e-01
4.260735586285591125e-01
4.614799752831458823e-01
4.875546470284461975e-01
5.000406831502914873e-01
4.545105412602424844e-01
4.465079963207244651e-01
4.783843383193016052e-01
4.802296057343483082e-01
4.813670054078101890e-01
4.593340381979942322e-01
4.700713559985160717e-01
4.906127870082855336e-01
5.033389315009116904e-01
5.361067950725555420e-01
4.910487130284309498e-01
4.681993395090103260e-01
4.524304389953613392e-01
4.929133906960487255e-01
4.761433243751526101e-01
5.037803977727890459e-01
4.750000193715095409e-01
4.425309091806411965e-01
5.016437843441963196e-01
4.753709018230438121e-01
4.780917212367057911e-01
4.559996709227561729e-01
4.742020830512047036e-01
4.981677785515785106e-01
4.809187337756156699e-01
4.813162669539451377e-01
4.538132011890411155e-01
4.711302191019058339e-01
4.522571459412574879e-01
5.056208953261375205e-01
4.753738835453987233e-01
4.827043265104293823e-01
5.113971754908561707e-01
4.460890039801597706e-01
5.507594153285026994e-01
4.746498256921768411e-01
4.891015395522117504e-01
4.819086596369743236e-01
4.871204271912574768e-01
4.711061075329780468e-01
4.769912935793400033e-01
4.804040297865867504e-01
4.696586295962333901e-01
4.983204871416092030e-01
4.928313687443733326e-01
4.516847848892212025e-01
4.861814573407173268e-01
4.680856674909591453e-01
4.481032848358154075e-01
5.064384534955024275e-01
4.916550964117050171e-01
4.442743510007858276e-01
4.936499476432800182e-01
4.258608281612396018e-01
4.491306260228157266e-01
5.046250656247138755e-01
4.545680895447731240e-01
4.649732485413551331e-01
4.950172737240791099e-01
4.386707931756973489e-01
4.850686207413673623e-01
4.641995340585708396e-01
4.141088262200355308e-01
4.428837776184081920e-01
4.880460768938064686e-01
4.656482771039008872e-01
4.695407986640930398e-01
5.097199633717537370e-01
4.739416375756263511e-01
4.962856799364089855e-01
4.957137256860733032e-01
5.009307935833930969e-01
5.002192080020904097e-01
4.725969702005386464e-01
4.953733295202255027e-01
4.628336399793624989e-01
4.633867681026458962e-01
4.476552575826645008e-01
4.481498211622237937e-01
4.421003833413124084e-01
4.901689440011978149e-01
4.539885506033897178e-01
4.350782841444015281e-01
4.647963300347328075e-01
4.875759050250053628e-01
5.223495200276374595e-01
4.843935564160347096e-01
4.534645259380340465e-01
4.718898996710777505e-01
4.597870603203773610e-01
4.507984697818755992e-01
4.388949602842330822e-01
5.164298132061958535e-01
4.445227324962616189e-01
4.779810577630996815e-01
4.481226354837417603e-01
4.588779427111148723e-01
5.202206552028656450e-01
4.908332884311675803e-01
4.364157214760780445e-01
4.833400100469589233e-01
4.639752000570297463e-01
4.451858162879943626e-01
5.018351405858993974e-01
4.945120781660080067e-01
4.514858022332191578e-01
4.349694296717643849e-01
4.975955113768577576e-01
4.518793106079101451e-01
4.381720602512359508e-01
4.811075016856193320e-01
4.489775702357292064e-01
4.420852854847908131e-01
4.498800367116927990e-01
4.635548755526542886e-01
4.578363224864006042e-01
4.718816548585891835e-01
4.778953418135643005e-01
4.733842581510543934e-01
4.507538944482803456e-01
4.830623656511306985e-01
4.562412530183792003e-01
4.519219368696212880e-01
4.529049828648566978e-01
5.084599778056144714e-01
4.554263785481452720e-01
4.748238444328308216e-01
4.624083146452903637e-01
4.824586644768714683e-01
4.595548450946808083e-01
4.644677773118018882e-01
4.617520436644554360e-01
4.504418700933456310e-01
4.543574497103691212e-01
4.390088170766830444e-01
4.640535920858382957e-01
4.662380933761596791e-01
4.930082261562347412e-01
4.471723556518554799e-01
4.707371309399605019e-01
4.735805377364158408e-01
4.907195761799812428e-01
4.692214623093605153e-01
5.174928501248359236e-01
4.591472640633583180e-01
4.442054897546768299e-01
4.828229993581771851e-01
5.167829386889934984e-01
3.804711312055587547e-01
5.000706061720847639e-01
4.566603630781173595e-01
4.859449416399002075e-01
4.843077093362808117e-01
4.702103137969970703e-01
4.520484060049057007e-01
4.610883638262748829e-01
4.383741006255149619e-01
4.339544415473938210e-01
4.465090110898017883e-01
4.325910791754722373e-01
4.620819471776485554e-01
4.479867622256278881e-01
4.500336766242981068e-01
4.494557455182075500e-01
4.700428560376167519e-01
5.158828169107436690e-01
4.489393666386604087e-01
4.653754562139510997e-01
4.701075404882431030e-01
4.861268416047096474e-01
4.504635095596313255e-01
4.888451844453811646e-01
4.768938377499580272e-01
4.654809698462486489e-01
4.813169017434120178e-01
4.458561606705188640e-01
4.570467516779899708e-01
4.619405254721641318e-01
4.607817739248275535e-01
4.727150097489357106e-01
4.520273447036743386e-01
4.526157066226005332e-01
4.125530511140823586e-01
4.369509145617485046e-01
4.410383045673370583e-01
4.380110487341880576e-01
4.314903721213340648e-01
4.389546811580657959e-01
4.946088507771492226e-01
4.957687288522720226e-01
4.929116353392600791e-01
4.592436134815215953e-01
5.107164800167083296e-01
4.690449744462966697e-01
4.294014155864715465e-01
4.400667786598205788e-01
4.698379799723625405e-01
4.375303864479064830e-01
4.435055620968341716e-01
4.671268165111541748e-01
4.758399456739425548e-01
4.489511579275131115e-01
4.881102129817008750e-01
4.361745655536651833e-01
4.372531428933143505e-01
4.454264372587203868e-01
5.018026143312454002e-01
4.830064028501510620e-01
4.701315894722938316e-01
4.633962914347648510e-01
4.706978127360343933e-01
4.376392036676406971e-01
4.857865199446678162e-01
4.589121013879776112e-01
4.828236117959022744e-01
5.050677478313445601e-01
4.594395563006400951e-01
4.615162298083305137e-01
4.615214064717292897e-01
4.452032729983329551e-01
4.631853327155113220e-01
4.385211020708084106e-01
4.492794424295425415e-01
4.390057295560836903e-01
4.372149914503097312e-01
4.053027033805847168e-01
4.658016487956047058e-01
4.529508814215660317e-01
4.425805985927581676e-01
4.521739721298217995e-01
4.226165011525154225e-01
4.578890815377235635e-01
4.775602668523788452e-01
4.544667139649390952e-01
4.631017759442329629e-01
4.822065919637680276e-01
4.650816261768341286e-01
4.972479194402694702e-01
4.538900464773177879e-01
4.519316732883453258e-01
4.554252050817012565e-01
4.594389095902443043e-01
4.395520493388175853e-01
4.827242925763129966e-01
5.351092845201492754e-01
4.556385427713394165e-01
4.507140740752220154e-01
4.439048141241073719e-01
4.583516046404838562e-01
4.604999840259552113e-01
4.935597911477088706e-01
4.860595479607582314e-01
4.943748190999031067e-01
4.652741044759750588e-01
5.057910323143005593e-01
4.578199312090873718e-01
4.464946329593658669e-01
4.081763491034507974e-01
4.562155321240425332e-01
4.546600282192230225e-01
4.450510099530219921e-01
4.630978420376777871e-01
4.454941555857658275e-01
4.438176333904266246e-01
4.586556017398834006e-01
4.771486759185791238e-01
4.631132736802101024e-01
4.281959608197212219e-01
4.833164289593696594e-01
4.270840913057327159e-01
4.573229670524597279e-01
4.806905522942542808e-01
4.908019647002220265e-01
4.716518834233284219e-01
4.323589503765106201e-01
4.473449304699897988e-01
4.381449893116950989e-01
4.381049588322639687e-01
4.591826036572456138e-01
4.728095531463623047e-01
4.510732918977737316e-01
4.472478702664375305e-01
5.089175924658775330e-01
4.608453541994094738e-01
4.292578816413879506e-01
4.566712751984596252e-01
4.553431674838065990e-01
4.346296995878219382e-01
4.324222564697265403e-01
4.902602776885032765e-01
4.249982878565788380e-01
4.381297886371612327e-01
4.431916743516922108e-01
4.900513768196105846e-01
4.646142438054085000e-01
4.761143624782562256e-01
4.690743058919906727e-01
4.741235941648483387e-01
4.590561866760253795e-01
4.796677514910697715e-01
4.412684097886085399e-01
4.216533809900283591e-01
4.321142837405204662e-01
4.893549978733062744e-01
4.515673369169235229e-01
4.340628549456596597e-01
4.453773140907287820e-01
4.825027570128440635e-01
4.205275014042854087e-01
4.698258757591247670e-01
4.600665360689163430e-01
4.342310890555381997e-01
4.570808634161949158e-01
4.836581274867057800e-01
4.211659044027328269e-01
4.806312337517738564e-01
4.605227366089820751e-01
4.386844217777252086e-01
4.176279395818710549e-01
4.337812945246696250e-01
4.523734971880912781e-01
4.417590141296386941e-01
4.444818109273910300e-01
4.435244008898734935e-01
4.474927529692649952e-01
4.429127633571624534e-01
4.385218754410743491e-01
4.923330634832382424e-01
4.490847125649451987e-01
4.513016864657402039e-01
4.445326671004295460e-01
4.370944902300834545e-01
4.918703839182853588e-01
4.558922424912452698e-01
4.712500587105751260e-01
4.559067443013191112e-01
4.674722582101821788e-01
4.284036353230476490e-01
4.550135076045990212e-01
4.617274612188339011e-01
4.760455086827278248e-01
4.604833260178565757e-01
4.522116467356681602e-01
4.484885573387146218e-01
4.518342643976211437e-01
4.573736101388931052e-01
4.295658081769943015e-01
4.674106732010841481e-01
4.208186119794845581e-01
4.448132306337356789e-01
4.187566787004470825e-01
4.588183224201202171e-01
4.825414746999740490e-01
4.244028121232986672e-01
4.626490205526351818e-01
4.291590347886085621e-01
4.646750628948211892e-01
4.831449702382087930e-01
4.619028702378272788e-01
4.536019049584865681e-01
4.356207579374313243e-01
4.364250168204307778e-01
4.419797912240028270e-01
4.582333445549011119e-01
4.832300946116447338e-01
4.503797844052314647e-01
4.610043063759803883e-01
3.918816491961479298e-01
4.297434464097023010e-01
4.304872304201126099e-01
4.328507617115974204e-01
4.563732713460922352e-01
4.792025566101074108e-01
4.847965538501739502e-01
4.038266912102699280e-01
4.740938350558280834e-01
4.134833037853241078e-01
4.425156950950622781e-01
4.162856459617614857e-01
4.195599943399429543e-01
4.357259422540664673e-01
4.750763580203056224e-01
4.547922551631927712e-01
4.519901573657989502e-01
4.455206215381622425e-01
