7.666666666666667185e-01
7.679887820512820706e-01
7.654647435897435903e-01
7.670272435897436125e-01
7.651842948717948456e-01
7.673076923076923572e-01
7.660657051282051544e-01
7.664663461538461231e-01
7.683894230769230393e-01
7.695112179487179072e-01
7.656650641025640747e-01
7.656650641025640747e-01
7.669871794871795379e-01
7.743589743589743835e-01
7.659455128205128194e-01
7.649839743589743613e-01
7.651442307692307709e-01
7.645032051282051322e-01
7.690304487179486781e-01
7.679086538461538103e-01
7.708733974358974450e-01
7.705128205128205510e-01
7.671474358974359475e-01
7.656250000000000000e-01
7.669471153846153522e-01
7.693509615384614975e-01
7.658653846153846700e-01
7.663060897435897134e-01
7.679887820512820706e-01
7.666666666666667185e-01
7.662660256410256387e-01
7.661458333333333037e-01
7.692708333333333481e-01
7.654647435897435903e-01
7.628205128205127750e-01
7.684695512820512997e-01
7.660256410256410797e-01
7.652243589743589203e-01
7.695512820512820928e-01
7.663862179487179738e-01
7.649839743589743613e-01
7.699919871794871362e-01
7.720352564102563875e-01
7.657051282051282604e-01
7.681490384615384803e-01
7.653445512820512553e-01
7.690304487179486781e-01
7.687500000000000444e-01
7.730368589743589203e-01
7.642227564102563875e-01
7.724358974358974672e-01
7.665464743589743835e-01
7.687099358974358587e-01
7.665064102564103088e-01
7.689102564102564541e-01
7.723157051282051322e-01
7.695512820512820928e-01
7.683493589743589647e-01
7.676682692307692513e-01
7.666266025641025328e-01
7.645432692307692069e-01
7.683493589743589647e-01
7.684294871794872250e-01
7.673477564102564319e-01
7.667467948717948678e-01
7.707532051282051100e-01
7.671073717948717618e-01
7.670272435897436125e-01
7.703124999999999556e-01
7.703525641025641413e-01
7.690705128205128638e-01
7.665865384615384581e-01
7.646233974358974672e-01
7.690304487179486781e-01
7.697516025641025772e-01
7.648637820512820262e-01
7.679487179487179960e-01
7.676682692307692513e-01
7.651442307692307709e-01
7.694711538461538325e-01
7.698717948717949122e-01
7.654246794871795156e-01
7.705929487179487003e-01
7.701522435897435459e-01
7.686698717948717841e-01
7.713541666666666741e-01
7.653445512820512553e-01
7.691506410256410131e-01
7.699118589743589869e-01
7.671875000000000222e-01
7.666666666666667185e-01
7.695512820512820928e-01
7.655448717948717396e-01
7.711137820512820040e-01
7.719150641025640525e-01
7.669471153846153522e-01
7.683092948717948900e-01
7.703926282051282159e-01
7.667868589743589425e-01
7.689503205128205288e-01
7.671474358974359475e-01
7.682692307692308153e-01
7.675480769230769162e-01
7.679086538461538103e-01
7.705929487179487003e-01
7.687099358974358587e-01
7.684695512820512997e-01
7.708733974358974450e-01
7.706730769230769607e-01
7.715544871794871584e-01
7.695913461538461675e-01
7.673076923076923572e-01
7.697516025641025772e-01
7.701522435897435459e-01
7.721554487179487225e-01
7.673477564102564319e-01
7.694711538461538325e-01
7.685496794871794490e-01
7.707932692307691847e-01
7.714743589743590091e-01
7.701522435897435459e-01
7.682692307692308153e-01
7.712740384615384137e-01
7.710737179487179294e-01
7.688701923076922684e-01
7.681490384615384803e-01
7.659455128205128194e-01
7.719951923076923128e-01
7.740785256410256387e-01
7.663461538461538991e-01
7.671073717948717618e-01
7.691105769230769384e-01
7.671875000000000222e-01
7.669070512820512775e-01
7.677483974358974006e-01
7.704727564102563653e-01
7.676282051282051766e-01
7.696314102564102422e-01
7.678285256410256610e-01
7.705128205128205510e-01
7.704326923076922906e-01
7.644631410256410575e-01
7.705929487179487003e-01
7.667467948717948678e-01
7.685496794871794490e-01
7.661858974358974894e-01
7.700721153846153966e-01
7.684294871794872250e-01
7.656650641025640747e-01
7.707131410256410353e-01
7.721153846153846478e-01
7.709935897435897800e-01
7.687099358974358587e-01
7.698317307692307265e-01
7.710336538461538547e-01
7.667067307692307931e-01
7.725160256410256165e-01
7.691506410256410131e-01
7.674278846153845812e-01
7.701522435897435459e-01
7.720352564102563875e-01
7.696714743589743168e-01
7.696714743589743168e-01
7.729967948717948456e-01
7.715544871794871584e-01
7.660657051282051544e-01
7.709134615384615197e-01
7.707932692307691847e-01
7.659855769230768940e-01
7.680689102564102200e-01
7.693108974358974228e-01
7.690304487179486781e-01
7.692307692307692735e-01
7.688301282051281937e-01
7.692708333333333481e-01
7.678285256410256610e-01
7.695512820512820928e-01
7.709134615384615197e-01
7.703926282051282159e-01
7.704326923076922906e-01
7.646634615384615419e-01
7.713141025641025994e-01
7.656650641025640747e-01
7.699519230769230616e-01
7.687900641025641191e-01
7.706730769230769607e-01
7.669471153846153522e-01
7.705929487179487003e-01
7.678685897435897356e-01
7.689102564102564541e-01
7.689102564102564541e-01
7.696314102564102422e-01
7.678285256410256610e-01
7.711137820512820040e-01
7.718749999999999778e-01
7.720352564102563875e-01
7.698317307692307265e-01
7.707532051282051100e-01
7.751602564102564319e-01
7.682692307692308153e-01
7.694310897435897578e-01
7.721955128205127972e-01
7.681490384615384803e-01
7.700721153846153966e-01
7.690304487179486781e-01
7.709935897435897800e-01
7.704326923076922906e-01
7.659855769230768940e-01
7.695512820512820928e-01
7.662259615384615641e-01
7.703124999999999556e-01
7.682291666666666297e-01
7.699919871794871362e-01
7.694711538461538325e-01
7.728365384615384359e-01
7.681891025641025550e-01
7.682692307692308153e-01
7.692307692307692735e-01
7.689102564102564541e-01
7.691907051282050878e-01
7.716346153846154188e-01
7.691105769230769384e-01
7.680288461538461453e-01
7.699919871794871362e-01
7.739182692307692291e-01
7.687900641025641191e-01
7.663060897435897134e-01
7.678685897435897356e-01
7.656250000000000000e-01
7.671474358974359475e-01
7.707932692307691847e-01
7.725160256410256165e-01
7.715144230769230838e-01
7.710336538461538547e-01
7.679487179487179960e-01
7.696314102564102422e-01
7.715945512820512331e-01
7.726762820512820262e-01
7.701121794871794712e-01
7.680689102564102200e-01
7.747996794871795379e-01
7.699919871794871362e-01
7.691907051282050878e-01
7.676682692307692513e-01
7.689903846153846034e-01
7.719150641025640525e-01
7.686698717948717841e-01
7.703525641025641413e-01
7.697115384615385025e-01
7.700721153846153966e-01
7.688301282051281937e-01
7.688701923076922684e-01
7.702724358974358809e-01
7.687500000000000444e-01
7.696714743589743168e-01
7.687500000000000444e-01
7.713942307692307487e-01
7.676682692307692513e-01
7.711137820512820040e-01
7.703124999999999556e-01
7.700721153846153966e-01
7.698717948717949122e-01
7.715544871794871584e-01
7.702323717948718063e-01
7.696714743589743168e-01
7.690304487179486781e-01
7.673878205128205066e-01
7.703124999999999556e-01
7.733974358974359253e-01
7.703124999999999556e-01
7.680689102564102200e-01
7.658253205128204844e-01
7.698317307692307265e-01
7.705128205128205510e-01
7.701522435897435459e-01
7.674278846153845812e-01
7.688701923076922684e-01
7.714743589743590091e-01
7.677083333333333259e-01
7.711137820512820040e-01
7.701522435897435459e-01
7.699118589743589869e-01
7.734775641025640747e-01
7.695913461538461675e-01
7.706730769230769607e-01
7.704727564102563653e-01
7.686698717948717841e-01
7.709134615384615197e-01
7.698717948717949122e-01
7.721153846153846478e-01
7.731169871794871806e-01
7.691105769230769384e-01
7.704727564102563653e-01
7.721554487179487225e-01
7.667467948717948678e-01
7.706330128205127750e-01
7.709935897435897800e-01
7.700721153846153966e-01
7.719551282051282382e-01
7.735176282051282604e-01
7.669471153846153522e-01
7.745192307692307931e-01
7.725560897435896912e-01
7.687099358974358587e-01
7.700320512820513219e-01
7.722355769230768718e-01
7.681490384615384803e-01
7.692708333333333481e-01
7.702323717948718063e-01
7.695112179487179072e-01
7.712740384615384137e-01
7.684695512820512997e-01
7.681089743589744057e-01
7.662259615384615641e-01
7.685496794871794490e-01
7.733173076923076650e-01
7.699519230769230616e-01
7.717548076923076428e-01
7.646233974358974672e-01
7.698317307692307265e-01
7.679487179487179960e-01
7.685897435897436347e-01
7.733974358974359253e-01
7.685897435897436347e-01
7.673076923076923572e-01
7.692708333333333481e-01
7.705929487179487003e-01
7.671875000000000222e-01
7.723157051282051322e-01
7.695913461538461675e-01
7.712740384615384137e-01
7.697516025641025772e-01
7.655048076923076650e-01
7.698317307692307265e-01
7.647035256410256165e-01
7.682291666666666297e-01
7.683092948717948900e-01
7.709535256410255943e-01
7.696714743589743168e-01
7.678285256410256610e-01
7.676282051282051766e-01
7.713141025641025994e-01
7.672275641025640969e-01
7.686298076923077094e-01
7.681891025641025550e-01
7.697916666666666519e-01
7.653445512820512553e-01
7.711137820512820040e-01
7.668669871794872028e-01
7.692307692307692735e-01
7.698717948717949122e-01
7.696314102564102422e-01
7.731169871794871806e-01
7.676682692307692513e-01
7.673878205128205066e-01
7.705128205128205510e-01
7.684294871794872250e-01
7.676282051282051766e-01
7.676282051282051766e-01
7.703124999999999556e-01
7.693108974358974228e-01
7.684294871794872250e-01
7.710737179487179294e-01
7.718349358974359031e-01
7.712740384615384137e-01
7.698717948717949122e-01
7.684695512820512997e-01
7.701923076923077316e-01
7.675881410256409909e-01
7.717548076923076428e-01
7.719951923076923128e-01
7.670673076923076872e-01
7.690705128205128638e-01
7.711939102564102644e-01
7.650641025641025106e-01
7.714342948717948234e-01
7.699118589743589869e-01
7.680288461538461453e-01
7.649038461538461009e-01
7.697115384615385025e-01
7.671474358974359475e-01
7.715945512820512331e-01
7.698717948717949122e-01
7.682291666666666297e-01
7.709134615384615197e-01
7.688701923076922684e-01
7.698717948717949122e-01
7.699118589743589869e-01
7.722355769230768718e-01
7.667067307692307931e-01
7.742387820512820484e-01
7.704326923076922906e-01
7.690304487179486781e-01
7.669070512820512775e-01
7.685897435897436347e-01
7.701923076923077316e-01
7.711939102564102644e-01
7.702724358974358809e-01
7.699519230769230616e-01
7.707532051282051100e-01
7.680689102564102200e-01
7.683493589743589647e-01
7.642628205128204621e-01
7.679887820512820706e-01
7.683894230769230393e-01
7.689903846153846034e-01
7.690705128205128638e-01
7.670272435897436125e-01
7.702724358974358809e-01
