5.115617804038219418e-01
5.087149126407427557e-01
5.100691214585915123e-01
5.093141713203528376e-01
5.131972178434713872e-01
5.080566415419944803e-01
5.111377502099061498e-01
5.094137500493954862e-01
5.086992272963890560e-01
5.078225901493659267e-01
5.109519004821777566e-01
5.100084469868586545e-01
5.078754055194365513e-01
5.032433522053253450e-01
5.144490746351388921e-01
5.113393054558680317e-01
5.099584134725424489e-01
5.096112540135017133e-01
5.054399152596791289e-01
5.085012208192776217e-01
5.071878602871527919e-01
5.072119971116383352e-01
5.081558308540246038e-01
5.097171347874861480e-01
5.094675025878808716e-01
5.074592885298606637e-01
5.097710609436034712e-01
5.120076419451298211e-01
5.081844563667591297e-01
5.100476662317912080e-01
5.113174265775924932e-01
5.110853285361558473e-01
5.084444658878521928e-01
5.088967413474352330e-01
5.147812880002535785e-01
5.044679537797585045e-01
5.092720647652944077e-01
5.101867050696642369e-01
5.079987099537482953e-01
5.106099348801832472e-01
5.122543891270955330e-01
5.049612598541455277e-01
5.013847748438516883e-01
5.095208956645085330e-01
5.089015390628423008e-01
5.075257912660255943e-01
5.060131094394586526e-01
5.074927812967544583e-01
5.042328794797261704e-01
5.165786842505136756e-01
5.040288919057601680e-01
5.111992429464291554e-01
5.061917998851873657e-01
5.089074672796787269e-01
5.100204449433546339e-01
5.032586138982039214e-01
5.112116986360305537e-01
5.092201867164709572e-01
5.120120170788887703e-01
5.079623874945518036e-01
5.120145204739693368e-01
5.049503486890059012e-01
5.071493883927663537e-01
5.039367257020412882e-01
5.081739101654444424e-01
5.038450863116826772e-01
5.065461377302805657e-01
5.120490190310356127e-01
5.070175542281224468e-01
5.054467202761234734e-01
5.041459008669242348e-01
5.093858685248937590e-01
5.077662049195705851e-01
5.026962393369429627e-01
5.076916092481368326e-01
5.112927928949013712e-01
5.043742571121606622e-01
5.082808086505302692e-01
5.134553489012595451e-01
5.065997180266258448e-01
5.058958052060542609e-01
5.098308369135244877e-01
5.009765835908742693e-01
5.058739530734527312e-01
5.073139627774556626e-01
5.063008947250170477e-01
5.110601706382555953e-01
5.105939732148097043e-01
5.051749516756106617e-01
5.080832174191107775e-01
5.098512258285131660e-01
5.061952491601308113e-01
5.080862225630344842e-01
5.045353489044385187e-01
5.032703789380880144e-01
5.098287732173234499e-01
5.072183702236566782e-01
5.072472213170466926e-01
5.077196405484125652e-01
5.081336055046472566e-01
5.063182078875028136e-01
5.073486344936566361e-01
5.062741077863253114e-01
5.091746837664873349e-01
5.040014560406024247e-01
5.088366947112938909e-01
5.110161507740998976e-01
5.062701194714277486e-01
5.086144407590230676e-01
5.022739806236364846e-01
5.065834548228825840e-01
5.063430298597384471e-01
5.048152753939995074e-01
5.065238295457301643e-01
5.049963569029783939e-01
5.066244813112111833e-01
5.065851958898397456e-01
5.079179641528007716e-01
5.046848179438174764e-01
5.046261709470015733e-01
5.025880237420400354e-01
5.073297460873921194e-01
4.992110093434651841e-01
5.053266603213090180e-01
5.058750435327872275e-01
5.069774254774436217e-01
5.102694639792808573e-01
5.037564890506940340e-01
5.043437106487078658e-01
5.093058205567873031e-01
5.085524083712161802e-01
5.058564500930982089e-01
5.048132781799022917e-01
5.042552688182928566e-01
5.110339967104104986e-01
5.065374349936461185e-01
5.100956236704802249e-01
5.047251595900609233e-01
5.087844729423522949e-01
5.057894961956219682e-01
5.052230186951466306e-01
5.135396159612215516e-01
5.018477253424815654e-01
5.088650593390831034e-01
5.095072105909005389e-01
5.086851777174533629e-01
5.017162293959886998e-01
5.053165379243019784e-01
5.114254891872406228e-01
5.060103900921650855e-01
5.027511115257556895e-01
5.046060756230965616e-01
5.059181046791565439e-01
5.065126917301080445e-01
5.040382609917567480e-01
5.075526159543257698e-01
5.044503653660799003e-01
5.031386451843457008e-01
5.077556017117622611e-01
5.061221766166198455e-01
5.014438178294744475e-01
5.080495774745941162e-01
5.061792097030541893e-01
5.039036085972419254e-01
5.043988247712453132e-01
5.079622340507996547e-01
5.053527057170867920e-01
5.051749519812754885e-01
5.074810575216244235e-01
5.040227931279402940e-01
5.055235557067088159e-01
5.076761080668522608e-01
5.042951538012577783e-01
5.063132032369955793e-01
5.070298071090991732e-01
5.063493089798168922e-01
5.047909073340587360e-01
5.084440781519963259e-01
5.050088242078438761e-01
5.051458522295340092e-01
5.109235256146161808e-01
5.023234472824976704e-01
5.091118742258120555e-01
5.049359654768919015e-01
5.066059911862398346e-01
5.041869570047426974e-01
5.081087422676575649e-01
5.042287931992457395e-01
5.092130543329776993e-01
5.035074852980100379e-01
5.081558363559918190e-01
5.051796656388503060e-01
5.080572262788429772e-01
5.057100406059852338e-01
5.039478324926816022e-01
5.014000800939706348e-01
5.045098286408644661e-01
5.062058302072378613e-01
5.051018059253692405e-01
5.076230215720641814e-01
5.068990377279428694e-01
5.029151737689971924e-01
5.100232063195644372e-01
5.021612124565320023e-01
5.058638370954073871e-01
5.048514069655002379e-01
5.051177267844860763e-01
5.078380191937471588e-01
5.073955250092041513e-01
5.118749818740746527e-01
5.067067986879593144e-01
5.069012460036155243e-01
5.033877265759003627e-01
5.031124220444606054e-01
5.040433776684296596e-01
5.058913035270494740e-01
5.056579203177721249e-01
5.078973759443331515e-01
5.056669013622480113e-01
5.076318937998551828e-01
5.067229316784784832e-01
5.064728004810137296e-01
5.102089365323384529e-01
5.086406710820320365e-01
5.009511826894221809e-01
5.041648473495091709e-01
5.106632599463829525e-01
5.066966030842218194e-01
5.096401457603161322e-01
5.095216616606100812e-01
5.053793728351593240e-01
5.050378871269715075e-01
5.041627737192007075e-01
5.042952291476421323e-01
5.071503348839588865e-01
5.027673615859105105e-01
5.034066275144234437e-01
4.985022564729054695e-01
5.041537183981675829e-01
5.068478645422519469e-01
4.989760397336421849e-01
5.041202830962645542e-01
5.077515566960358884e-01
5.066230799907293081e-01
5.058275253344804989e-01
5.047064793415558803e-01
5.091741852271250979e-01
5.041013752802824266e-01
5.068267762660980669e-01
5.033969513880900415e-01
5.091440969552749607e-01
5.090372582276662117e-01
5.067373628799731744e-01
5.087448650445693943e-01
5.063717079468262883e-01
5.071604076104286873e-01
5.056927254566779828e-01
5.111572476533743359e-01
5.050299751452910213e-01
5.079104739886063369e-01
5.074393721727225026e-01
5.060060377304370638e-01
5.050058178412608623e-01
5.063344692572568917e-01
5.070168019869388809e-01
5.068556317916282916e-01
5.080452171655801541e-01
5.069478611151377878e-01
5.027186948519486442e-01
5.047867013857915142e-01
5.038688769707313497e-01
5.068927355301685589e-01
5.078067715351398670e-01
5.042600024969149386e-01
5.018297744102967473e-01
5.074870129426319876e-01
5.064504996324197261e-01
5.035923921144925819e-01
5.074239150071755411e-01
5.084385975813254799e-01
5.056745571967883324e-01
5.043781028344080930e-01
5.024475141977652326e-01
5.042117429085266611e-01
5.040221480222848438e-01
5.045306447224738866e-01
5.055274468201856886e-01
5.063641737668942433e-01
5.067111186492136987e-01
5.033038658973497670e-01
5.034033052432231869e-01
5.087466707596411952e-01
5.060408694621844061e-01
5.040245922712179860e-01
5.098628507210658523e-01
5.059384132042908933e-01
5.030552954245836039e-01
5.070349618410452397e-01
5.031385907760033138e-01
5.028182430145068382e-01
5.075810027428162563e-01
5.010856084334545102e-01
5.059192799604855795e-01
5.030046409521347073e-01
5.084532989905430345e-01
5.050316511056361923e-01
5.054299695369525169e-01
5.085241019725799116e-01
5.040018949753198862e-01
5.063968893809196459e-01
5.059192957022251580e-01
5.066016622078723941e-01
5.109177702512496255e-01
5.079701475608042749e-01
5.077913449360773601e-01
4.999505686454283615e-01
5.060782962884657898e-01
5.034127761156130809e-01
5.101257353256910543e-01
5.040193138978420473e-01
5.081784971249408978e-01
5.088008040036910984e-01
5.030805960679665123e-01
5.078884088076077719e-01
5.057905074877616647e-01
5.057849041926555378e-01
5.060364122574145807e-01
5.072903663684160680e-01
5.009133326701629141e-01
5.064319711465101737e-01
5.022142696074950452e-01
5.052488832901685933e-01
5.128611246744791963e-01
5.062995530091799479e-01
5.097983546746083228e-01
5.071444543508383251e-01
5.073552380769680292e-01
5.052989534842662334e-01
5.034243507262987638e-01
5.055107214511969094e-01
5.083768673432178531e-01
5.060879044043712360e-01
5.080844354935181162e-01
5.110046243056273196e-01
5.076599111923805197e-01
5.053150831124721964e-01
5.085278793787344487e-01
5.002031343105511896e-01
5.102339035425430547e-01
5.049499944234505655e-01
5.076706709005893714e-01
5.049806492450910067e-01
4.989653179278740747e-01
5.065617189957545285e-01
5.084257613389919772e-01
5.048667615804917075e-01
5.059547763604383963e-01
5.078434445919134399e-01
5.052170596061609231e-01
5.064884075751671100e-01
5.053076464396256684e-01
5.062374452749888176e-01
5.060444040176196312e-01
5.014784933664859778e-01
5.033834448227515468e-01
5.052112215604537271e-01
5.060350106312678786e-01
5.039137687438574043e-01
5.032912057179671494e-01
5.024730777129148285e-01
5.042416121715154187e-01
5.107296266616918601e-01
5.051707796561412112e-01
5.020542389307266484e-01
5.094085001028501036e-01
5.067158975662329201e-01
5.053789342061066892e-01
5.092710172518705170e-01
5.081669746301112900e-01
5.049470919829148752e-01
5.080354740986456896e-01
5.047569742569556484e-01
5.061345424407567295e-01
5.091977327297895206e-01
5.008856939963804988e-01
5.058198520770439410e-01
5.065181322586842505e-01
5.054865704132960325e-01
5.028670344597253594e-01
5.122771073610354886e-01
5.032918852109175001e-01
5.049961064106378572e-01
5.055404251966720830e-01
5.096571647203885780e-01
5.035939196745554680e-01
5.044631235110453860e-01
5.073924179260547174e-01
5.045999050140380637e-01
5.051302575148068907e-01
5.059910407433143575e-01
5.099391073752672643e-01
5.069293732826526400e-01
5.071852977459246903e-01
5.076614223993741737e-01
5.061245620250701682e-01
5.064664698564089740e-01
5.058410812646915167e-01
5.085864884731097213e-01
5.070628780585069162e-01
