5.298076923076923128e-01
5.863782051282051544e-01
6.283653846153846034e-01
6.534855769230769607e-01
6.934294871794871584e-01
7.199919871794872028e-01
7.332131410256410575e-01
7.387820512820513219e-01
7.481971153846154188e-01
7.518830128205128416e-01
7.565304487179487225e-01
7.604166666666666297e-01
7.620592948717949122e-01
7.697516025641025772e-01
7.660256410256410797e-01
7.683092948717948900e-01
7.673477564102564319e-01
7.684294871794872250e-01
7.713942307692307487e-01
7.725961538461538769e-01
7.696314102564102422e-01
7.751201923076923572e-01
7.733173076923076650e-01
7.745993589743589425e-01
7.786458333333333703e-01
7.835737179487179960e-01
7.742788461538461231e-01
7.784855769230769607e-01
7.814503205128204844e-01
7.834535256410256610e-01
7.814903846153846700e-01
7.820512820512820484e-01
7.815705128205128194e-01
7.845352564102564541e-01
7.817307692307692291e-01
7.821714743589743835e-01
7.828525641025640969e-01
7.814102564102564097e-01
7.816907051282051544e-01
7.824519230769231282e-01
7.836939102564102200e-01
7.818509615384615641e-01
7.829727564102564319e-01
7.862980769230769607e-01
7.824118589743589425e-01
7.840544871794872250e-01
7.827724358974359475e-01
7.821714743589743835e-01
7.814503205128204844e-01
7.857772435897435459e-01
7.815304487179487447e-01
7.826121794871795379e-01
7.817307692307692291e-01
7.815304487179487447e-01
7.801282051282051322e-01
7.830528846153845812e-01
7.833733974358974006e-01
7.818910256410256387e-01
7.790064102564102644e-01
7.826923076923076872e-01
7.840945512820512997e-01
7.838541666666666297e-01
7.851762820512820928e-01
7.805689102564102866e-01
7.843349358974358587e-01
7.825721153846153522e-01
7.814903846153846700e-01
7.812500000000000000e-01
7.836939102564102200e-01
7.816506410256410797e-01
7.850961538461538325e-01
7.795272435897435681e-01
7.829326923076923572e-01
7.836137820512820706e-01
7.832131410256409909e-01
7.837740384615384803e-01
7.830128205128205066e-01
7.845753205128205288e-01
7.848557692307692735e-01
7.798477564102563875e-01
7.811298076923076650e-01
7.823717948717948678e-01
7.833333333333333259e-01
7.815304487179487447e-01
7.826923076923076872e-01
7.831330128205128416e-01
7.850560897435897578e-01
7.850961538461538325e-01
7.797275641025640525e-01
7.832532051282051766e-01
7.807291666666666963e-01
7.826121794871795379e-01
7.838942307692308153e-01
7.846955128205128638e-01
7.853766025641025772e-01
7.815705128205128194e-01
7.831730769230769162e-01
7.830929487179487669e-01
7.853766025641025772e-01
7.837740384615384803e-01
7.835336538461538103e-01
7.808493589743589203e-01
7.836538461538461453e-01
7.812900641025640747e-01
7.818108974358974894e-01
7.830128205128205066e-01
7.820512820512820484e-01
7.840945512820512997e-01
7.812500000000000000e-01
7.825320512820512775e-01
7.825721153846153522e-01
7.817307692307692291e-01
7.848557692307692735e-01
7.827724358974359475e-01
7.845352564102564541e-01
7.812099358974359253e-01
7.842147435897436347e-01
7.818509615384615641e-01
7.817708333333333037e-01
7.823717948717948678e-01
7.797275641025640525e-01
7.820913461538461231e-01
7.800881410256410575e-01
7.801682692307692069e-01
7.839743589743589647e-01
7.814503205128204844e-01
7.841746794871794490e-01
7.827724358974359475e-01
7.860176282051282159e-01
7.848557692307692735e-01
7.839342948717948900e-01
7.810496794871795156e-01
7.862980769230769607e-01
7.831730769230769162e-01
7.827323717948717618e-01
7.804887820512820262e-01
7.838942307692308153e-01
7.808092948717948456e-01
7.828926282051281715e-01
7.828525641025640969e-01
7.838541666666666297e-01
7.787259615384615197e-01
