8.625971946960840908e-01
7.108557331256377676e-01
6.504643357717073693e-01
6.296868535188527849e-01
5.970219141397721252e-01
5.706908507224840443e-01
5.567312958912972176e-01
5.490485261648129223e-01
5.379759654020651594e-01
5.326921430917886946e-01
5.259261005964034341e-01
5.261033729100839107e-01
5.186485007787362544e-01
5.120972202374385329e-01
5.183538514834183930e-01
5.165200591087341087e-01
5.168167135654351263e-01
5.122460597600692056e-01
5.089162248831529123e-01
5.091490195347712078e-01
5.080037364592918658e-01
5.051866189027444110e-01
5.031160026024549259e-01
5.018803737102410789e-01
5.006095135823274145e-01
4.934018694437466990e-01
5.025022813907036312e-01
4.927881784928150877e-01
4.945206776643410462e-01
4.931851920409080492e-01
4.937607598610413429e-01
4.919366318445939079e-01
4.916615053629264098e-01
4.896056997470366601e-01
4.912432721027961136e-01
4.919458465698438032e-01
4.900069007506737129e-01
4.936913293141584891e-01
4.927611349484859460e-01
4.908590813477833881e-01
4.888042451479496231e-01
4.934023296221708432e-01
4.900061086202279204e-01
4.893471412169627666e-01
4.948725815002734674e-01
4.915481575024433503e-01
4.921896150478949905e-01
4.881563833126654761e-01
4.927081950199909688e-01
4.890547396280826575e-01
4.923561388101333480e-01
4.913050801326067085e-01
4.888310348376249670e-01
4.927075480803465024e-01
4.926837083620903002e-01
4.904415031274159675e-01
4.891084758134988664e-01
4.951216871921833018e-01
4.945587285054035553e-01
4.914982797243656054e-01
4.873626687587835904e-01
4.929629796590560553e-01
4.908441137044857738e-01
4.899436099407000200e-01
4.872173868692838417e-01
4.939583040200746789e-01
4.946497969138316519e-01
4.925922459516769991e-01
4.880770531984475746e-01
4.937694655014918665e-01
4.866873238331232421e-01
4.918283916436708703e-01
4.891272491369492159e-01
4.878539771605760467e-01
4.907281863383757825e-01
4.875346526121481783e-01
4.927857852899111268e-01
4.889742637291932814e-01
4.913670052320529003e-01
4.940751191897270189e-01
4.926469173186864836e-01
4.922788928716610446e-01
4.897394140561421860e-01
4.932223585935739396e-01
4.931471503697908987e-01
4.935562329414563409e-01
4.876873028584015612e-01
4.860148177697108385e-01
4.933393458525339725e-01
4.879213411074418416e-01
4.900150474829551572e-01
4.902185583725953699e-01
4.903977794524950751e-01
4.890802115966111918e-01
4.853454612768613452e-01
4.919538306884276291e-01
4.898486750248151056e-01
4.906329839657514458e-01
4.887648975237822158e-01
4.858575577919299615e-01
4.902725297671097771e-01
4.972424467404683579e-01
4.901404654368375913e-01
4.956458139113890660e-01
4.939897793989915242e-01
4.928539259311480181e-01
4.926482277038770063e-01
4.848888453764793049e-01
4.888760870847946305e-01
4.870548164233183264e-01
4.917946697809757461e-01
4.935229784403091791e-01
4.927052262501838698e-01
4.869778298414670359e-01
4.888858896035414570e-01
4.888623599822704557e-01
4.918283344843448757e-01
4.951656682369036666e-01
4.910557210445404275e-01
4.922531613936790840e-01
4.922052374252905982e-01
4.917417018841474530e-01
4.956095099449157604e-01
4.938216235393133036e-01
4.905702303617428539e-01
4.929599317220541010e-01
4.857752038882328649e-01
4.894723858588780896e-01
4.901981916183080212e-01
4.875890294710795159e-01
4.899925473408821563e-01
4.935959171026180758e-01
4.875978595171219232e-01
4.887871989837059838e-01
4.934443129942967521e-01
4.934892492416577681e-01
4.917544016471275814e-01
4.908283996276366357e-01
4.905808870608989736e-01
4.909350998890705808e-01
4.909170780426416747e-01
4.965019310132051111e-01
