5.581011831760406272e-01
4.920281857252121194e-01
5.011266171932220459e-01
4.548963993787765725e-01
4.076145797967910545e-01
3.997925639152526966e-01
3.684322834014892578e-01
3.672061771154403464e-01
3.936420500278473011e-01
3.548436522483825462e-01
3.427319049835205189e-01
3.618844687938690408e-01
3.383849531412124745e-01
3.285243958234786987e-01
3.253710150718688854e-01
3.078050434589386097e-01
3.256544560194015725e-01
3.247404396533966064e-01
2.997343212366104237e-01
3.142598718404769897e-01
3.022403895854949840e-01
3.001126244664192311e-01
3.162183314561843872e-01
3.042993098497390747e-01
3.016405344009399636e-01
2.868678197264671326e-01
2.915366068482398987e-01
2.733044072985649220e-01
2.785841271281242482e-01
2.721040368080139271e-01
2.891322508454322593e-01
2.746835604310035595e-01
2.788152560591697915e-01
2.803999021649360435e-01
2.844841003417968861e-01
3.068364113569259644e-01
2.854261547327041626e-01
3.004346624016761558e-01
2.982794091105461232e-01
2.813051164150238148e-01
2.731237426400184853e-01
2.928098350763320701e-01
2.984855234622955100e-01
2.815220907330512889e-01
2.595746725797652976e-01
2.704051226377487405e-01
2.532903507351875194e-01
2.999809235334396362e-01
2.703644707798957825e-01
2.640869334340095742e-01
2.736070007085800171e-01
2.767417624592781178e-01
2.561681941151618958e-01
2.731611043214797752e-01
2.684222802519798390e-01
2.892747536301613076e-01
2.863233298063277976e-01
2.722235575318336376e-01
2.813379168510437012e-01
2.450606852769851574e-01
2.898530244827270397e-01
2.840505197644233593e-01
2.563204988837242126e-01
2.908512145280838235e-01
2.974720552563667186e-01
2.706870749592781289e-01
2.741888672113418357e-01
2.776114866137504578e-01
2.820500046014785545e-01
2.805271744728088379e-01
2.546470835804939270e-01
2.732445433735847251e-01
2.525906547904014365e-01
2.712185263633727916e-01
2.733635544776916726e-01
2.907529219985008351e-01
2.724333852529525757e-01
2.750898733735084312e-01
2.727399840950965881e-01
2.492389515042305048e-01
2.539963290095329507e-01
2.620856016874313354e-01
2.514326676726341137e-01
2.485207244753837585e-01
2.638049989938736073e-01
2.422144562005996704e-01
2.494594424962997548e-01
2.701397776603698953e-01
2.716295167803764454e-01
2.522380769252777211e-01
2.836079075932502747e-01
2.244911879301071111e-01
2.657039582729339711e-01
2.671228662133217080e-01
2.564573347568511741e-01
2.541970163583755493e-01
2.657226949930190929e-01
2.718643546104431152e-01
2.550611823797225841e-01
2.804983973503112904e-01
