8.566928625106811079e-01
8.496576696634292603e-01
8.475554734468460083e-01
8.578408241271973100e-01
7.825362265110016313e-01
7.757309556007385698e-01
7.789671659469604714e-01
7.423785954713821855e-01
7.543263494968414085e-01
7.586062610149383323e-01
7.245476007461547630e-01
7.389559537172317727e-01
7.266488820314407349e-01
7.423853486776351707e-01
6.912700563669205156e-01
7.105591654777526633e-01
7.378194451332091841e-01
6.946064084768295288e-01
6.899908363819122759e-01
7.002111434936523215e-01
7.161704599857330322e-01
6.744361132383346336e-01
7.028501152992248091e-01
6.509924590587615745e-01
7.024147570133209006e-01
6.810794651508331743e-01
6.975738972425460371e-01
6.715870052576065063e-01
7.029819607734679732e-01
6.982983618974685225e-01
6.747572600841522661e-01
7.178050816059112771e-01
6.684569776058196799e-01
6.862610280513763428e-01
6.968875437974929588e-01
6.780310422182083130e-01
6.870774596929549727e-01
6.802126377820968406e-01
6.876098424196243064e-01
6.724285989999770896e-01
6.698174476623535156e-01
6.781583100557326826e-01
6.882721990346908347e-01
6.770729273557662964e-01
6.725889861583709273e-01
6.866947561502456665e-01
6.605173468589782271e-01
6.722957015037536177e-01
6.812872052192687766e-01
6.663084387779235618e-01
6.464790433645248857e-01
6.551700145006179588e-01
6.591141909360885842e-01
6.725769430398941262e-01
6.675853550434112105e-01
6.754252254962921365e-01
6.421865612268448098e-01
6.471514463424682395e-01
6.768952429294585738e-01
6.479151040315628274e-01
6.627746760845184548e-01
6.683665812015533447e-01
6.475432753562927468e-01
6.624085724353789839e-01
6.580898404121399148e-01
6.652939230203628318e-01
6.739369124174118264e-01
6.590495347976684792e-01
6.588578879833221214e-01
6.464186906814575195e-01
6.451447784900665727e-01
6.257288724184035811e-01
6.431666284799575362e-01
6.502635240554809348e-01
6.354335665702819380e-01
6.650976687669754028e-01
6.538078963756561723e-01
6.565784469246864763e-01
6.417145401239394698e-01
6.772535890340805054e-01
6.549709379673004372e-01
6.585262030363082664e-01
6.346971541643142700e-01
6.556318432092667070e-01
6.598763525485992210e-01
6.631483763456345049e-01
6.625840961933135986e-01
6.584788590669632402e-01
6.369959771633147971e-01
6.575624555349349754e-01
6.536773383617401345e-01
6.510568380355834517e-01
6.483209073543548806e-01
6.558173775672913042e-01
6.448038041591643843e-01
6.357541412115097490e-01
6.343614459037780762e-01
6.574218988418578657e-01
6.520029276609420332e-01
6.214772582054137740e-01
6.556237488985061646e-01
6.563014000654220359e-01
6.391030400991439819e-01
6.338862687349319236e-01
6.422906219959259033e-01
6.573513954877853172e-01
6.369001448154449907e-01
6.372552514076232910e-01
6.639359921216965166e-01
6.436976373195648637e-01
6.314987361431121382e-01
6.538032770156860796e-01
6.571294695138931719e-01
6.646294891834259033e-01
6.602522224187851174e-01
6.392125546932220237e-01
6.658185869455337524e-01
6.447188556194305420e-01
6.198715001344681230e-01
6.311467289924621582e-01
6.379305392503737959e-01
6.409589052200317383e-01
6.261375874280930010e-01
6.680611819028854370e-01
6.157227963209152000e-01
6.375959187746047530e-01
6.364558219909668413e-01
6.654985547065734863e-01
6.362752079963683860e-01
6.435812264680862427e-01
6.317020326852798018e-01
6.260948836803436057e-01
6.546576648950577226e-01
6.419084221124649048e-01
6.390398681163788064e-01
6.370796084403991255e-01
6.360278546810149702e-01
6.522271454334258589e-01
6.397870868444442971e-01
6.343601673841476885e-01
6.183092638850211653e-01
6.388125389814376387e-01
6.414235472679138406e-01
6.236678928136825117e-01
6.268773645162581953e-01
6.254006713628769143e-01
6.409992605447769609e-01
6.186471998691558394e-01
6.225817203521728516e-01
6.293159067630768044e-01
6.361954897642135842e-01
6.395145833492279497e-01
6.365237981081008911e-01
6.461956530809402910e-01
6.333976149559020774e-01
6.426129668951034990e-01
6.375545829534530196e-01
6.543438017368317094e-01
6.603819996118545088e-01
6.423331677913666216e-01
6.408800005912780318e-01
6.454287171363830566e-01
6.268349796533584373e-01
6.147343963384628296e-01
6.227708488702774492e-01
6.320222198963165727e-01
6.338040918111801370e-01
6.279124021530151367e-01
6.157264083623885664e-01
6.004114717245101485e-01
6.461772352457046953e-01
6.236284583806991355e-01
6.296674847602844460e-01
