4.401816293597221597e-01
4.318917270749807469e-01
4.340177621692419274e-01
3.905866224318742530e-01
4.337254535406828149e-01
4.681420881301164849e-01
4.685477032326161861e-01
4.321159858256578556e-01
4.429824287071824074e-01
4.316700967028737068e-01
4.725037377327680477e-01
4.136441608890891186e-01
4.560148004442453606e-01
4.545895148068666569e-01
4.822089575231075509e-01
4.570584960281848796e-01
4.684755207970738300e-01
4.532791154459118732e-01
4.445535045117139927e-01
4.203627415001392476e-01
4.819805102422833332e-01
4.267001916654408200e-01
4.158816433511674515e-01
4.028239287436008453e-01
4.354522641748189704e-01
4.476743590086698643e-01
4.275713277980685012e-01
4.388415625318884961e-01
4.610043071210384591e-01
4.619615562260150909e-01
4.365000464022159576e-01
4.723406637087464444e-01
4.519380802288651688e-01
4.308454429730773083e-01
4.233516650274395943e-01
4.717722415924072155e-01
4.346906449645757675e-01
4.307214912027120812e-01
4.815636273473501427e-01
4.075017482042312400e-01
4.415546191856264957e-01
4.384516324847936852e-01
4.218007137067615875e-01
4.488253444433212280e-01
4.449247231706977002e-01
4.970480937510728947e-01
4.437378473579883797e-01
4.319330740720033757e-01
4.296143715269863383e-01
4.106237941421568283e-01
4.323531916365027650e-01
4.677516454830765724e-01
4.374752636067569256e-01
4.812589159235358127e-01
4.882684918120503426e-01
4.381431832909584156e-01
4.514934747479856236e-01
4.509290365502238163e-01
4.359684477560222260e-01
4.073391679674386867e-01
4.883261792361736076e-01
4.474700992926955445e-01
4.209144724532961623e-01
4.842212527990341076e-01
4.739155096933245770e-01
4.559539839625358359e-01
4.537736780941486470e-01
4.545821331441402546e-01
4.200154034420847671e-01
4.689361935481429211e-01
4.103991324082016945e-01
4.193262433633208053e-01
4.221297688782215118e-01
4.097094969823956712e-01
4.302920553833246009e-01
4.397984435781836510e-01
4.293373448774218670e-01
4.806510027498006599e-01
4.337892094627022743e-01
4.842551494017243163e-01
5.122852576896548271e-01
5.097837079316377418e-01
4.931239030323922856e-01
4.154526080936193355e-01
4.335844302549958229e-01
4.147937974892556556e-01
4.862595943734049908e-01
4.683568913489580265e-01
4.477527379989624245e-01
4.148150637745857128e-01
4.075427921488881111e-01
4.621412698179483414e-01
4.914465462788939476e-01
