7.551065631455085025e-01
5.977218428046487952e-01
5.261346437953046129e-01
4.914019210111411073e-01
4.712557152341135258e-01
4.621447267346694976e-01
4.506066324891614405e-01
4.442550225152832599e-01
4.374261437380900230e-01
4.306857044823834135e-01
4.252148508170588981e-01
4.244382084026688262e-01
4.204475032623674058e-01
4.232597127862152697e-01
4.210285781042986120e-01
4.222800964947606706e-01
4.199870757636476881e-01
4.236515263919947705e-01
4.191875659601121407e-01
4.207728163751422445e-01
4.214300833276060643e-01
4.204687250197911008e-01
4.226217146840740568e-01
