6.067254738729508379e-01
7.280673668032786594e-01
7.824026639344262568e-01
8.034147669057376540e-01
8.162461577868852514e-01
8.222656250000000000e-01
8.275486680327869271e-01
8.292136270491803351e-01
8.317430840163934080e-01
8.370421362704918433e-01
8.392273949795081567e-01
8.384429431352459217e-01
8.423171746926229053e-01
8.391873719262294973e-01
8.410444415983606703e-01
8.389792520491803351e-01
8.405961834016393297e-01
8.390673027663934080e-01
8.422451331967213406e-01
8.412125384221311730e-01
8.404360911885245811e-01
8.416527920081967595e-01
8.402199667008196649e-01
