5.199118589743589869e-01
5.387019230769231060e-01
5.606570512820512331e-01
5.560096153846153522e-01
5.731570512820512997e-01
5.758814102564102644e-01
5.855769230769231060e-01
5.954727564102564319e-01
5.989182692307691847e-01
6.050080128205128638e-01
6.126201923076922684e-01
6.199919871794872250e-01
6.335737179487179738e-01
6.340544871794872028e-01
6.399439102564102866e-01
6.393830128205127972e-01
6.445913461538461675e-01
6.423076923076923572e-01
6.498798076923076872e-01
6.462339743589743390e-01
6.493589743589743835e-01
6.543669871794871584e-01
6.577724358974359475e-01
6.516426282051281937e-01
6.593750000000000444e-01
6.541666666666666741e-01
6.636618589743589203e-01
6.651041666666667185e-01
6.637820512820512553e-01
6.631009615384615419e-01
6.689503205128205510e-01
6.679887820512820928e-01
6.711939102564102866e-01
6.687499999999999556e-01
6.727564102564103088e-01
6.706330128205127972e-01
6.769631410256410353e-01
6.693509615384615197e-01
6.747195512820512997e-01
6.723157051282051544e-01
6.780048076923076428e-01
6.726762820512820484e-01
6.767628205128205510e-01
6.726362179487179738e-01
6.742788461538461453e-01
6.777243589743590091e-01
6.704326923076923128e-01
6.762820512820513219e-01
6.759214743589743168e-01
6.707532051282051322e-01
6.737980769230769162e-01
6.729166666666667185e-01
6.762419871794871362e-01
6.723157051282051544e-01
6.763621794871794712e-01
6.740785256410256610e-01
6.780849358974359031e-01
6.741185897435897356e-01
6.748798076923077094e-01
6.764022435897435459e-01
6.753605769230769384e-01
6.800881410256410797e-01
6.817307692307692513e-01
6.743990384615384803e-01
6.782451923076923128e-01
6.774038461538461897e-01
6.747996794871794490e-01
6.773237179487179294e-01
6.760016025641025772e-01
6.766025641025641413e-01
6.752403846153846034e-01
6.780448717948718285e-01
6.812900641025640969e-01
6.781249999999999778e-01
6.777644230769230838e-01
6.737980769230769162e-01
6.791666666666666963e-01
6.782451923076923128e-01
6.744391025641025550e-01
6.743589743589744057e-01
6.808092948717948678e-01
6.762820512820513219e-01
6.760817307692307265e-01
6.812500000000000222e-01
6.771634615384615197e-01
6.761217948717949122e-01
6.778445512820512331e-01
6.780849358974359031e-01
6.756810897435897578e-01
6.787660256410256165e-01
6.753605769230769384e-01
6.761217948717949122e-01
6.770833333333333703e-01
6.772035256410255943e-01
6.760016025641025772e-01
6.748798076923077094e-01
6.723157051282051544e-01
6.769230769230769607e-01
6.766826923076922906e-01
6.812099358974359475e-01
6.737179487179487669e-01
6.760817307692307265e-01
6.785256410256410575e-01
6.802483974358974894e-01
6.817708333333333259e-01
6.785657051282051322e-01
6.760416666666666519e-01
6.760416666666666519e-01
6.750000000000000444e-01
6.771634615384615197e-01
6.788461538461538769e-01
6.778846153846154188e-01
6.773637820512820040e-01
6.741987179487179960e-01
6.762820512820513219e-01
6.782451923076923128e-01
6.734375000000000222e-01
6.752804487179486781e-01
6.735977564102564319e-01
6.770032051282051100e-01
6.794471153846153300e-01
6.796474358974359253e-01
6.770032051282051100e-01
6.789262820512820262e-01
6.795272435897435903e-01
