4.383815099031497020e+00
4.150627995760013178e+00
3.888969766176663789e+00
3.923995805398011960e+00
3.733441883478409107e+00
3.636967397347474762e+00
3.561010985496716685e+00
3.479397174639579760e+00
3.432942440570929232e+00
3.353902355829874615e+00
3.226531823476155747e+00
3.194477252471141338e+00
3.049274431742154512e+00
2.973160990079243948e+00
2.939773649435776903e+00
2.924831139124356660e+00
2.880215478554750241e+00
2.878836566362625415e+00
2.802691606374887456e+00
2.822425822722606004e+00
2.797591384251912228e+00
2.751932081198081192e+00
2.732021241310315318e+00
2.799886035919189275e+00
2.682285834581424222e+00
2.747757075994442744e+00
2.679040938768631364e+00
2.630938053131103516e+00
2.708686562073536308e+00
2.676996386356842894e+00
2.600210898350446609e+00
2.640838349782503425e+00
2.586107947276188757e+00
2.618417490445650753e+00
2.551827742503239627e+00
2.571950743748591339e+00
2.533837517713889209e+00
2.589863926325088883e+00
2.526307284526335906e+00
2.544229699403811829e+00
2.515919483013642211e+00
2.547176813467955103e+00
2.501568602292965515e+00
2.575888235141069682e+00
2.501620938839056674e+00
2.492994453356816020e+00
2.518911019961039166e+00
2.506894682615231407e+00
2.518236047182327741e+00
2.543695169840103354e+00
2.516868543013548454e+00
2.558168963896922499e+00
2.480610332122215933e+00
2.490615281691917815e+00
2.537563209655957497e+00
2.504260934927524662e+00
2.462392730284959974e+00
2.503388511217557344e+00
2.491151938071617611e+00
2.458341930462764058e+00
2.475798795162102994e+00
2.435596300394107239e+00
2.447632532242016712e+00
2.496023532060476668e+00
2.484215664863586248e+00
2.471788056080157947e+00
2.494452013113559907e+00
2.465346788748716822e+00
2.477859745881496156e+00
2.481470438761588682e+00
2.468566641440758325e+00
2.509713177803235329e+00
2.450317740440368652e+00
2.474563070443960289e+00
2.444846523725069609e+00
2.520003132331065654e+00
2.473516676364800659e+00
2.518187888463338187e+00
2.487086272239685147e+00
2.515667445843036365e+00
2.464070568940578188e+00
2.480003837438729875e+00
2.536806313808147806e+00
2.474611025590163216e+00
2.495367262913630757e+00
2.498866757368430225e+00
2.493165590212895300e+00
2.456681700241871269e+00
2.482942724839234838e+00
2.472598437162545792e+00
2.529910933054410282e+00
2.545946027071047890e+00
2.472765131485767931e+00
2.505572169254987713e+00
2.501495234782879162e+00
2.508563166398268596e+00
2.520023075128213108e+00
2.511666950812706745e+00
2.464941032727559378e+00
2.427779124944637879e+00
2.525361081881400960e+00
2.504942354789147174e+00
2.457013969543652809e+00
2.439644847160730823e+00
2.434946565750317760e+00
2.486006313103895859e+00
2.481487947243910419e+00
2.467399652798970333e+00
2.473029420314690974e+00
2.473644880759410469e+00
2.464307166368533419e+00
2.493206861080267345e+00
2.495020494094261743e+00
2.472458036740620813e+00
2.496742512629582134e+00
2.463857600627801236e+00
2.524289663632710567e+00
2.503879484763512409e+00
2.499414778978396701e+00
2.495129638451796250e+00
2.484775495529174982e+00
2.483594137583023276e+00
2.492217647112332735e+00
2.444710348813961875e+00
2.473495071362226572e+00
