7.020246478873239937e-01
7.037451984635083591e-01
7.057058258642765480e-01
7.064660691421255079e-01
7.075064020486555583e-01
7.093469910371318354e-01
7.104673495518566417e-01
7.119078104993598055e-01
7.129481434058898559e-01
7.151088348271447126e-01
7.171895006402048134e-01
7.186699743918053551e-01
7.208706786171574787e-01
7.234715108834827157e-01
7.243918053777208543e-01
7.257522407170294843e-01
7.306738156209987567e-01
7.323943661971831220e-01
7.343950064020486890e-01
7.393966069142124953e-01
7.411571702944942386e-01
7.447983354673495260e-01
7.491197183098591283e-01
7.512403969270166071e-01
7.553217029449423858e-01
7.565620998719589929e-01
7.632842509603072756e-01
7.675256081946222331e-01
7.709667093469910748e-01
7.762483994878360827e-01
7.793693982074263449e-01
7.777288732394366244e-01
7.804497439180537732e-01
7.854113316261203126e-01
7.877720870678617260e-01
7.910131241997439000e-01
7.913332266325223685e-01
7.977352752880921827e-01
7.964548655569781976e-01
8.027768886043533669e-01
8.036171574903969717e-01
7.990957106274008126e-01
8.002560819462227748e-01
8.064580665813060323e-01
8.091389244558259142e-01
8.098191421254801181e-01
8.135403329065300504e-01
8.165012804097311339e-01
8.173415492957746276e-01
8.166613316261203126e-01
