2.759842687356792723e-01
2.458134766634691992e-01
2.400797094181466307e-01
2.376174657544772306e-01
2.352925853734590400e-01
2.331665437024625642e-01
2.335966032728190311e-01
2.336295881283573239e-01
2.308620474517116550e-01
2.280652510543638989e-01
2.277857485428814999e-01
2.260663187973172561e-01
2.253443104204234104e-01
2.222626415891012508e-01
2.202157678414093378e-01
2.208148024108132212e-01
2.179882026035410147e-01
2.169613283170475360e-01
2.161021179945307180e-01
2.135810491732690053e-01
2.120170788541340667e-01
2.104516344838960606e-01
2.080614895544345144e-01
2.074449418658788902e-01
2.060728148675300686e-01
2.063145436127115651e-01
2.020518416288414887e-01
2.010240915032263376e-01
1.997252771876532884e-01
1.966852914260535656e-01
1.959632028957945804e-01
1.962321499283884718e-01
1.945807864643852858e-01
1.927817767049530562e-01
1.920473503566582085e-01
1.907045901317755143e-01
1.911284195094651861e-01
1.873002677163760343e-01
1.872031402782502463e-01
1.847237715552466908e-01
1.850550443353787267e-01
1.880869178361379845e-01
1.871246844625503447e-01
1.835114693271518438e-01
1.824909493842289676e-01
1.819195594547957928e-01
1.815866474229150818e-01
1.788595545650596974e-01
1.789346905413266298e-01
1.789798830253061246e-01
