5.482772435897436125e-01
5.825721153846153966e-01
6.158253205128204621e-01
6.431089743589744057e-01
6.673878205128205288e-01
6.927884615384615197e-01
7.049679487179487669e-01
7.209535256410256610e-01
7.278445512820512775e-01
7.379407051282050878e-01
7.411057692307692069e-01
7.474358974358974450e-01
7.547275641025641413e-01
7.627804487179487003e-01
7.593750000000000222e-01
7.602564102564102200e-01
7.663060897435897134e-01
7.646634615384615419e-01
7.676282051282051766e-01
7.720753205128204621e-01
7.753205128205128416e-01
7.782051282051282159e-01
7.833333333333333259e-01
7.821714743589743835e-01
7.812900641025640747e-01
7.866987179487179294e-01
7.805689102564102866e-01
7.795272435897435681e-01
7.819310897435897134e-01
7.801682692307692069e-01
7.812099358974359253e-01
7.847756410256410131e-01
7.813301282051282604e-01
7.826923076923076872e-01
7.840945512820512997e-01
7.837339743589744057e-01
7.855769230769230616e-01
7.851362179487179072e-01
7.851362179487179072e-01
7.848157051282050878e-01
7.847756410256410131e-01
7.811298076923076650e-01
7.811298076923076650e-01
7.848157051282050878e-01
7.825721153846153522e-01
7.842948717948717841e-01
7.835336538461538103e-01
7.848157051282050878e-01
7.876602564102563875e-01
7.810096153846153300e-01
7.842147435897436347e-01
7.794471153846154188e-01
7.824919871794872028e-01
7.863782051282051100e-01
7.790064102564102644e-01
7.822916666666667185e-01
