8.143534571696550151e-01
7.034351492539430151e-01
6.516101271678239604e-01
6.272522752101604704e-01
6.105321572377131467e-01
5.893153618543576222e-01
5.755121402251415219e-01
5.609007019263047011e-01
5.522352874279021773e-01
5.426236834281530363e-01
5.386746932298709378e-01
5.301027779395763861e-01
5.285158164990253482e-01
5.159440543407048940e-01
5.249905983606973914e-01
5.192613948614169805e-01
5.123623258028274785e-01
5.104857294987409366e-01
5.108535011609395271e-01
5.028394569189120755e-01
4.978636775261316427e-01
4.919551283885271187e-01
4.843003603128286372e-01
4.882598236585274920e-01
4.828534503777822118e-01
4.815790819816100354e-01
4.868061200166359792e-01
4.844001890757145268e-01
4.853070245339320410e-01
4.881330204315674770e-01
4.852364595119769697e-01
4.842292755078047017e-01
4.861217945049970401e-01
4.840604005715785640e-01
4.839825850266676888e-01
4.816196444707039337e-01
4.829782311732952471e-01
4.830504966087830199e-01
4.816619975444598190e-01
4.869086901346842411e-01
4.796999320005759238e-01
4.879205199388357284e-01
4.863851044422540792e-01
4.869707228281558997e-01
4.845495387529715758e-01
4.817972417061145429e-01
4.809062878290812360e-01
4.808939973513285393e-01
4.810549769646081941e-01
4.838866330110109804e-01
4.842492523865822296e-01
4.858160144243484635e-01
4.851958759320088022e-01
4.793476144472758049e-01
4.872911181205358266e-01
4.873209565113752473e-01
