4.989966650803883685e-01
4.989899048438439233e-01
5.049237132072448286e-01
5.005558532017927442e-01
5.031204410088367940e-01
4.981656971650245680e-01
4.980344957266098493e-01
4.996273771310463796e-01
5.035143745251190461e-01
4.970534382722316402e-01
5.018888672192891587e-01
4.998829170679434664e-01
5.026682833830515840e-01
5.004766575801067319e-01
5.037287741135327845e-01
5.042579355912331085e-01
5.014279718582447254e-01
4.998330105573702831e-01
4.994364932561531911e-01
5.038148322166540183e-01
5.008454150114304282e-01
5.010851060732817164e-01
5.010637775445595521e-01
5.026560470079763920e-01
5.026748527319003790e-01
5.019604796018355408e-01
5.049052913983662627e-01
5.039310242885198798e-01
5.024271984895070098e-01
5.022343531633034486e-01
5.004704042887075932e-01
5.014743178318707972e-01
