7.699118589743589869e-01
7.656650641025640747e-01
7.691907051282050878e-01
7.683092948717948900e-01
7.699919871794871362e-01
7.705128205128205510e-01
7.705929487179487003e-01
7.714342948717948234e-01
7.665064102564103088e-01
7.715945512820512331e-01
7.661057692307692291e-01
7.671474358974359475e-01
7.691105769230769384e-01
7.715544871794871584e-01
7.673878205128205066e-01
7.645833333333332815e-01
7.672275641025640969e-01
7.694310897435897578e-01
7.705128205128205510e-01
7.668269230769231282e-01
7.679887820512820706e-01
7.710737179487179294e-01
7.685096153846153744e-01
7.683894230769230393e-01
7.677884615384615863e-01
7.679086538461538103e-01
7.672676282051281715e-01
7.663862179487179738e-01
7.677483974358974006e-01
7.663862179487179738e-01
7.700320512820513219e-01
7.680689102564102200e-01
