2.721437957428786691e-01
2.425279634767396886e-01
2.393619806986306831e-01
2.370011092338916159e-01
2.340296026648388261e-01
2.324186280923066783e-01
2.313173778650855217e-01
2.300390678621284657e-01
2.305932773918714651e-01
2.292009415283856322e-01
2.267580817283039452e-01
2.253737435908690079e-01
2.242971460278910256e-01
2.232476780417634032e-01
2.220580290893281183e-01
2.215351476960084609e-01
2.215719210334532452e-01
2.200658154434186886e-01
2.168687454087328270e-01
2.145050808253117225e-01
2.144289392305397390e-01
2.146100635889550412e-01
2.122723870885662167e-01
2.121743040395454583e-01
2.106927274779992476e-01
2.092973611457094596e-01
2.085751821781853255e-01
2.062999084687263396e-01
2.052432738921859123e-01
2.029288411903625577e-01
2.026547729282159316e-01
2.022094696893734778e-01
1.997015238399694748e-01
2.005881401453830093e-01
1.979416485651659674e-01
1.992252579819835667e-01
1.971795121529801298e-01
1.950864047289047332e-01
1.951470859968860716e-01
1.943064466328688067e-01
1.978965512597301302e-01
1.920717264526784762e-01
1.910294071412269590e-01
1.925054077493091320e-01
1.927212962592151912e-01
