7.023847631241997291e-01
7.030249679897567772e-01
7.036251600512163362e-01
7.051856594110115228e-01
7.064660691421255079e-01
7.075864276568502031e-01
7.085067221510883417e-01
7.103873239436619969e-01
7.129481434058898559e-01
7.129881562099872339e-01
7.165092829705506094e-01
7.177096670934699496e-01
7.197503201024327835e-01
7.225112035851471992e-01
7.222311139564661087e-01
7.213508322663252370e-01
7.258322663252240181e-01
7.263924455825864213e-01
7.327144686299615906e-01
7.334346991037131724e-01
7.344750320102432228e-01
7.341149167733674874e-01
7.375560179257362181e-01
7.373959667093470394e-01
7.413172215108835283e-01
7.433178617157489843e-01
7.453985275288091961e-01
7.481994238156209898e-01
7.500800256081946449e-01
7.534811139564661087e-01
7.559619078104993228e-01
7.557218309859154992e-01
7.597631241997439000e-01
7.592429577464788748e-01
7.644046094750319709e-01
7.650048015364916409e-01
7.651248399487836638e-01
7.712868117797695433e-01
7.710867477592829866e-01
7.743677976952625386e-01
7.704065300896286717e-01
7.754481434058898559e-01
7.792093469910371661e-01
7.785291293213828512e-01
7.792093469910371661e-01
