90
189
216
81
17
140
474
99
133
496
1
430
22
353
9
105
231
449
305
223
217
155
319
235
448
151
222
301
42
191
293
202
109
481
129
56
374
201
138
371
427
454
281
339
246
422
77
408
462
36
125
460
244
330
47
106
225
103
158
425
437
384
287
176
351
183
141
43
294
457
178
467
332
153
37
35
311
435
95
196
469
168
376
314
89
307
224
66
494
180
64
91
182
347
366
44
365
167
463
170
177
259
148
394
489
40
25
111
104
214
197
378
173
499
399
135
480
309
380
272
354
172
33
221
285
461
442
455
220
86
218
406
237
283
355
431
12
28
46
436
179
267
126
3
263
10
187
257
116
291
159
13
482
215
164
119
325
38
31
219
88
403
402
112
87
363
410
298
413
286
185
340
93
11
473
418
23
226
334
118
206
58
260
444
239
63
251
110
485
71
450
438
367
368
428
273
8
486
433
288
210
379
327
254
493
62
102
362
277
359
163
424
57
364
134
491
49
478
212
108
344
398
190
426
261
356
78
451
310
121
360
203
154
440
242
18
317
73
207
136
137
252
156
280
194
276
101
114
69
397
51
414
107
55
372
199
453
456
74
232
169
128
233
249
255
30
253
490
483
348
16
477
32
370
289
459
279
429
466
304
79
389
240
241
97
166
358
122
382
266
391
470
27
200
130
67
205
195
94
377
124
265
313
282
308
160
192
96
186
357
290
468
41
419
34
322
75
476
411
271
26
405
423
452
50
443
338
258
284
302
228
29
390
15
274
2
83
296
346
446
145
335
495
161
432
342
147
269
329
21
98
318
209
262
439
386
388
350
150
0
230
171
264
497
387
213
331
415
227
243
54
326
52
416
245
270
420
458
229
6
139
292
401
492
4
39
175
343
447
349
123
320
152
250
146
60
295
204
80
487
475
395
61
345
303
412
299
174
337
184
117
59
336
479
383
306
441
445
256
14
316
381
400
7
113
323
407
188
53
132
472
404
312
498
211
375
465
341
127
396
198
20
297
234
92
157
5
488
84
484
275
48
352
236
324
369
162
45
165
19
85
131
65
248
421
70
315
392
278
208
417
247
328
24
181
142
471
238
333
393
72
143
373
464
82
144
193
268
321
149
76
300
115
361
100
120
68
434
409
385
