7.574154251813888239e-01
6.997497701644896928e-01
6.816741734743118064e-01
6.744327902793884055e-01
6.643022882938385276e-01
6.609349471330642212e-01
6.593093383312225164e-01
6.537069213390350741e-01
6.501616621017456410e-01
6.481924891471863015e-01
6.483523976802826327e-01
6.445031470060348378e-01
6.378442186117172508e-01
6.386655914783477828e-01
6.361079841852188554e-01
6.339905971288680719e-01
6.321386677026749057e-01
6.256558549404144243e-01
6.246976250410080089e-01
6.206822264194488126e-01
6.192860525846480835e-01
6.200146305561066162e-01
6.172580236196517633e-01
6.115690600872040195e-01
6.146077740192413819e-01
6.089837789535522683e-01
6.058863103389739990e-01
5.991604119539261086e-01
6.002164900302886519e-01
6.023820841312408358e-01
5.956189829111099288e-01
5.985282766819000067e-01
5.967046397924423706e-01
5.907173806428909213e-01
5.945635420084000033e-01
5.948974478244781761e-01
5.886742550134659302e-01
5.895747971534729404e-01
5.897804105281829745e-01
5.902803111076354581e-01
5.899939501285552668e-01
5.885297513008117543e-01
5.897392249107360485e-01
5.922801929712295799e-01
5.900210332870483576e-01
5.886338096857071100e-01
5.843552088737488104e-01
5.871986645460128829e-01
5.857400375604630005e-01
5.847982037067412930e-01
5.829582309722900479e-01
5.827533805370330722e-01
5.839764773845672607e-01
5.843281710147857355e-01
5.842811667919158847e-01
5.824580234289169489e-01
5.855646294355392190e-01
5.863279658555984319e-01
5.866095703840256137e-01
5.827474027872086015e-01
5.873589307069778664e-01
5.867428141832351507e-01
5.858400982618331421e-01
5.857626026868820723e-01
5.798877829313278109e-01
