5.411200013756751748e-01
5.722000026702880326e-01
5.846799996495246621e-01
5.963999986648559348e-01
6.099200022220611084e-01
6.123599988222122592e-01
6.175600016117095414e-01
6.207200014591216508e-01
6.246400028467178345e-01
6.292000001668930365e-01
6.276400017738342774e-01
6.322400033473968284e-01
6.402799999713897350e-01
6.409999984502792181e-01
6.450400006771087602e-01
6.452000027894974066e-01
6.478399991989135520e-01
6.513200014829635398e-01
6.548000007867813554e-01
6.630000036954879494e-01
6.620000010728835926e-01
6.564800000190734730e-01
6.623200017213821678e-01
6.679199999570846202e-01
6.650400018692016468e-01
6.670400023460387740e-01
6.688800013065338002e-01
6.775599980354308771e-01
6.786400014162063954e-01
6.747199982404709084e-01
6.795200020074844138e-01
6.774800014495849787e-01
6.778000015020370084e-01
6.863599967956542924e-01
6.818799978494644032e-01
6.795600026845931563e-01
6.884799975156784546e-01
6.849999982118606390e-01
6.854400002956390070e-01
6.839200031757354248e-01
6.827200025320052656e-01
6.865200012922286765e-01
6.862800014019012629e-01
6.837599980831146063e-01
6.826000010967254727e-01
6.848400014638901245e-01
6.905599987506866322e-01
6.897199976444244873e-01
6.871999979019165483e-01
6.891600000858306707e-01
6.910399973392487016e-01
6.936400020122528431e-01
6.877600002288818404e-01
6.877599972486495572e-01
6.890800023078917924e-01
6.902800017595290827e-01
6.880000013113022339e-01
6.869200009107589988e-01
6.875600045919418868e-01
6.915199989080429432e-01
6.865199995040893732e-01
6.877999997138977140e-01
6.870799982547759477e-01
6.844799983501433926e-01
6.934800034761429144e-01
