6.643725992317541795e-01
7.056658130601792811e-01
7.064660691421255079e-01
7.074663892445582913e-01
7.069862355953905331e-01
7.067061459667093315e-01
7.083066581306017850e-01
7.070262483994878000e-01
7.069862355953905331e-01
7.070662612035851780e-01
7.081065941101152283e-01
7.078665172855314047e-01
7.073463508322663795e-01
7.069862355953905331e-01
7.077464788732393819e-01
7.094270166453264803e-01
7.093069782330345685e-01
7.087868117797695433e-01
7.089468629961587220e-01
7.097071062740076819e-01
7.100272087067861504e-01
7.091069142125480118e-01
7.097071062740076819e-01
7.085867477592829866e-01
7.087067861715748984e-01
7.077464788732393819e-01
7.081866197183098732e-01
7.087467989756721654e-01
7.101472471190780622e-01
7.083066581306017850e-01
7.107074263764404654e-01
7.088668373879641882e-01
7.116277208706786039e-01
7.082266325224071402e-01
7.107874519846351102e-01
7.082266325224071402e-01
7.104673495518566417e-01
7.112275928297054906e-01
7.093870038412292134e-01
7.102272727272727071e-01
7.090268886043533669e-01
7.099871959026888835e-01
7.092269526248399236e-01
7.100672215108835283e-01
7.109475032010242890e-01
7.086267605633802535e-01
7.100672215108835283e-01
7.097071062740076819e-01
7.113076184379001354e-01
7.109475032010242890e-01
7.111475672215108457e-01
7.098271446862995937e-01
7.084266965428936969e-01
7.098271446862995937e-01
7.117877720870678937e-01
7.100272087067861504e-01
7.133082586427657024e-01
7.099871959026888835e-01
7.118677976952625386e-01
7.108674775928297551e-01
7.120678617157489843e-01
7.101472471190780622e-01
7.100272087067861504e-01
7.112275928297054906e-01
7.111075544174135787e-01
7.114276568501920472e-01
7.107874519846351102e-01
7.102272727272727071e-01
7.123879641485275638e-01
7.105473751600511756e-01
7.097871318822023268e-01
7.101872599231754402e-01
7.117877720870678937e-01
7.126280409731113874e-01
7.109875160051216669e-01
7.108274647887323772e-01
7.105073623559539087e-01
7.134282970550576142e-01
7.123079385403329189e-01
7.117877720870678937e-01
7.123479513444301858e-01
7.106274007682458205e-01
7.093069782330345685e-01
7.122279129321382740e-01
7.113876440460947803e-01
7.119078104993598055e-01
