3.689556251185804325e-01
2.814587530764666723e-01
2.713726598879134255e-01
2.765441700224687271e-01
2.673686203402532713e-01
2.814311900494498309e-01
2.537472667446820096e-01
2.532194952806040567e-01
2.524814342032932202e-01
2.459723590163659379e-01
2.639657928681098942e-01
2.500704909065468717e-01
2.602300937174224504e-01
2.543226806363436676e-01
2.464844737292557209e-01
2.451997375671445267e-01
2.441873335197243533e-01
2.435757520867370962e-01
2.458232267069297705e-01
2.495086452948757083e-01
2.427984026192702982e-01
2.452674793334684855e-01
2.436328762891808442e-01
2.405367249792272344e-01
2.620760345504775657e-01
2.438876221717243553e-01
2.424485754226447798e-01
2.406915375311762251e-01
2.409932289973721886e-01
2.405160803839125616e-01
2.438324952400295342e-01
2.767265557136181497e-01
2.465196054586222540e-01
2.393464084127953639e-01
2.442333838889296505e-01
2.411543699637265226e-01
2.385287146142441861e-01
2.369269385227931179e-01
2.398461293472065325e-01
2.400215052917275271e-01
2.373154054416126424e-01
2.413872944598924597e-01
2.391880533530373332e-01
2.360059086438482945e-01
2.348849805079104847e-01
2.355934053888394109e-01
2.345373644070191943e-01
2.346938402223831266e-01
2.346080737939717498e-01
2.347224128459998727e-01
2.347533790425668232e-01
2.360066426929835204e-01
2.427061585549661060e-01
2.403931256178551967e-01
2.350288864974023062e-01
2.349948390421580380e-01
2.391594670302736592e-01
2.360052112656885193e-01
2.347169377663376744e-01
2.375859349927889885e-01
2.365341622110518349e-01
2.357733335140878017e-01
2.353827544272174832e-01
2.361859411344638116e-01
2.378195794764309812e-01
2.385923596106173938e-01
2.361081278240176884e-01
2.347561006509387704e-01
2.347556162010234482e-01
2.351220112184251032e-01
2.347558239205393416e-01
2.340330363808154346e-01
2.337750950673173067e-01
2.337594232623311508e-01
2.385087781770586501e-01
2.343522993687936207e-01
2.347194587337222693e-01
2.356624522564811086e-01
2.347281017506473721e-01
2.348538796666642392e-01
2.349802400253798995e-01
2.342885767184818002e-01
2.336586498573098025e-01
2.362174269827929385e-01
2.337130371781683813e-01
2.347523225101710298e-01
