4.921875000000000000e-01
5.187500000000000444e-01
5.171875000000000222e-01
5.124999999999999556e-01
5.343750000000000444e-01
5.312500000000000000e-01
5.374999999999999778e-01
5.515624999999999556e-01
5.453124999999999778e-01
5.562500000000000222e-01
5.796875000000000222e-01
5.437499999999999556e-01
5.453124999999999778e-01
5.562500000000000222e-01
5.593749999999999556e-01
5.875000000000000222e-01
5.609374999999999778e-01
5.578125000000000444e-01
5.968750000000000444e-01
5.609374999999999778e-01
5.734375000000000444e-01
6.062499999999999556e-01
6.125000000000000444e-01
6.437500000000000444e-01
5.609374999999999778e-01
5.796875000000000222e-01
5.984374999999999556e-01
5.640625000000000222e-01
6.093750000000000000e-01
5.828124999999999556e-01
5.828124999999999556e-01
5.812500000000000444e-01
5.843749999999999778e-01
5.765624999999999778e-01
5.656250000000000444e-01
6.062499999999999556e-01
5.812500000000000444e-01
5.921874999999999778e-01
5.890625000000000444e-01
5.671874999999999556e-01
5.999999999999999778e-01
5.765624999999999778e-01
6.156249999999999778e-01
5.875000000000000222e-01
6.015625000000000000e-01
5.703125000000000000e-01
6.437500000000000444e-01
6.281250000000000444e-01
6.046875000000000444e-01
6.218749999999999556e-01
5.890625000000000444e-01
5.781250000000000000e-01
6.125000000000000444e-01
6.125000000000000444e-01
6.062499999999999556e-01
6.031250000000000222e-01
5.921874999999999778e-01
6.328125000000000000e-01
6.046875000000000444e-01
6.390624999999999778e-01
6.109375000000000222e-01
6.046875000000000444e-01
6.062499999999999556e-01
5.968750000000000444e-01
5.953125000000000222e-01
6.187500000000000222e-01
5.937500000000000000e-01
6.265625000000000222e-01
6.125000000000000444e-01
5.921874999999999778e-01
6.250000000000000000e-01
6.250000000000000000e-01
6.546874999999999778e-01
6.187500000000000222e-01
6.203125000000000444e-01
6.328125000000000000e-01
6.421875000000000222e-01
6.062499999999999556e-01
6.265625000000000222e-01
6.156249999999999778e-01
6.234374999999999778e-01
6.203125000000000444e-01
5.968750000000000444e-01
6.109375000000000222e-01
6.359375000000000444e-01
6.500000000000000222e-01
6.531249999999999556e-01
5.953125000000000222e-01
6.234374999999999778e-01
6.468749999999999778e-01
6.328125000000000000e-01
6.046875000000000444e-01
6.296874999999999556e-01
6.515625000000000444e-01
6.453124999999999556e-01
6.437500000000000444e-01
6.703124999999999778e-01
6.343750000000000222e-01
6.328125000000000000e-01
6.312499999999999778e-01
6.593750000000000444e-01
6.296874999999999556e-01
6.296874999999999556e-01
6.281250000000000444e-01
6.437500000000000444e-01
6.171875000000000000e-01
6.265625000000000222e-01
6.328125000000000000e-01
6.109375000000000222e-01
6.546874999999999778e-01
6.578125000000000222e-01
6.546874999999999778e-01
6.234374999999999778e-01
6.453124999999999556e-01
6.156249999999999778e-01
6.515625000000000444e-01
6.250000000000000000e-01
6.406250000000000000e-01
6.796875000000000000e-01
6.265625000000000222e-01
6.359375000000000444e-01
6.468749999999999778e-01
6.250000000000000000e-01
6.421875000000000222e-01
6.406250000000000000e-01
6.265625000000000222e-01
6.515625000000000444e-01
6.406250000000000000e-01
6.328125000000000000e-01
6.265625000000000222e-01
5.906249999999999556e-01
6.578125000000000222e-01
6.234374999999999778e-01
6.265625000000000222e-01
6.125000000000000444e-01
6.171875000000000000e-01
6.718750000000000000e-01
6.578125000000000222e-01
6.421875000000000222e-01
6.500000000000000222e-01
6.296874999999999556e-01
6.140624999999999556e-01
6.546874999999999778e-01
6.484375000000000000e-01
6.671875000000000444e-01
6.671875000000000444e-01
6.609374999999999556e-01
6.468749999999999778e-01
6.562500000000000000e-01
6.374999999999999556e-01
6.640625000000000000e-01
6.171875000000000000e-01
6.468749999999999778e-01
6.562500000000000000e-01
6.187500000000000222e-01
6.515625000000000444e-01
6.562500000000000000e-01
6.218749999999999556e-01
6.593750000000000444e-01
6.312499999999999778e-01
6.218749999999999556e-01
6.187500000000000222e-01
6.765624999999999556e-01
6.828125000000000444e-01
6.421875000000000222e-01
6.265625000000000222e-01
6.312499999999999778e-01
6.453124999999999556e-01
6.843749999999999556e-01
6.374999999999999556e-01
6.484375000000000000e-01
6.343750000000000222e-01
6.406250000000000000e-01
6.343750000000000222e-01
6.328125000000000000e-01
6.312499999999999778e-01
6.515625000000000444e-01
6.406250000000000000e-01
6.484375000000000000e-01
6.390624999999999778e-01
6.734375000000000222e-01
6.187500000000000222e-01
6.531249999999999556e-01
6.296874999999999556e-01
6.328125000000000000e-01
6.453124999999999556e-01
6.578125000000000222e-01
6.703124999999999778e-01
6.656250000000000222e-01
6.515625000000000444e-01
6.796875000000000000e-01
6.796875000000000000e-01
6.687499999999999556e-01
6.374999999999999556e-01
6.250000000000000000e-01
6.765624999999999556e-01
6.374999999999999556e-01
6.812500000000000222e-01
6.406250000000000000e-01
6.046875000000000444e-01
6.656250000000000222e-01
6.062499999999999556e-01
6.374999999999999556e-01
6.750000000000000444e-01
6.765624999999999556e-01
6.859374999999999778e-01
6.781249999999999778e-01
6.718750000000000000e-01
6.546874999999999778e-01
6.609374999999999556e-01
6.750000000000000444e-01
6.671875000000000444e-01
6.453124999999999556e-01
6.734375000000000222e-01
7.031250000000000000e-01
6.671875000000000444e-01
6.750000000000000444e-01
6.812500000000000222e-01
6.484375000000000000e-01
6.484375000000000000e-01
6.421875000000000222e-01
6.609374999999999556e-01
6.640625000000000000e-01
6.656250000000000222e-01
6.453124999999999556e-01
6.500000000000000222e-01
6.343750000000000222e-01
6.703124999999999778e-01
6.343750000000000222e-01
6.390624999999999778e-01
6.390624999999999778e-01
6.968750000000000222e-01
6.718750000000000000e-01
6.609374999999999556e-01
6.468749999999999778e-01
6.781249999999999778e-01
6.781249999999999778e-01
6.609374999999999556e-01
6.453124999999999556e-01
6.515625000000000444e-01
6.437500000000000444e-01
6.671875000000000444e-01
6.671875000000000444e-01
6.187500000000000222e-01
6.656250000000000222e-01
6.468749999999999778e-01
6.593750000000000444e-01
6.609374999999999556e-01
6.718750000000000000e-01
6.406250000000000000e-01
6.546874999999999778e-01
6.609374999999999556e-01
6.812500000000000222e-01
6.484375000000000000e-01
6.671875000000000444e-01
6.609374999999999556e-01
7.249999999999999778e-01
6.906250000000000444e-01
6.593750000000000444e-01
6.640625000000000000e-01
6.781249999999999778e-01
6.343750000000000222e-01
6.750000000000000444e-01
6.437500000000000444e-01
6.624999999999999778e-01
6.624999999999999778e-01
6.640625000000000000e-01
6.421875000000000222e-01
6.562500000000000000e-01
6.421875000000000222e-01
6.484375000000000000e-01
6.406250000000000000e-01
6.875000000000000000e-01
6.656250000000000222e-01
6.562500000000000000e-01
6.343750000000000222e-01
6.453124999999999556e-01
6.578125000000000222e-01
6.671875000000000444e-01
6.921874999999999556e-01
6.828125000000000444e-01
6.687499999999999556e-01
6.578125000000000222e-01
6.562500000000000000e-01
6.609374999999999556e-01
6.765624999999999556e-01
6.937499999999999778e-01
6.468749999999999778e-01
6.531249999999999556e-01
6.781249999999999778e-01
6.671875000000000444e-01
6.390624999999999778e-01
6.687499999999999556e-01
7.015624999999999778e-01
6.750000000000000444e-01
6.390624999999999778e-01
6.578125000000000222e-01
6.640625000000000000e-01
6.875000000000000000e-01
6.468749999999999778e-01
6.796875000000000000e-01
6.671875000000000444e-01
6.640625000000000000e-01
6.796875000000000000e-01
6.578125000000000222e-01
6.515625000000000444e-01
6.656250000000000222e-01
6.906250000000000444e-01
6.937499999999999778e-01
6.437500000000000444e-01
6.734375000000000222e-01
6.624999999999999778e-01
6.593750000000000444e-01
6.953125000000000000e-01
6.843749999999999556e-01
6.484375000000000000e-01
6.406250000000000000e-01
6.812500000000000222e-01
6.453124999999999556e-01
6.703124999999999778e-01
6.687499999999999556e-01
6.718750000000000000e-01
6.624999999999999778e-01
6.374999999999999556e-01
6.765624999999999556e-01
6.828125000000000444e-01
6.921874999999999556e-01
6.609374999999999556e-01
6.906250000000000444e-01
6.687499999999999556e-01
6.765624999999999556e-01
6.562500000000000000e-01
6.796875000000000000e-01
6.921874999999999556e-01
6.609374999999999556e-01
7.093749999999999778e-01
6.531249999999999556e-01
6.765624999999999556e-01
6.828125000000000444e-01
6.624999999999999778e-01
6.765624999999999556e-01
6.703124999999999778e-01
6.546874999999999778e-01
6.359375000000000444e-01
6.906250000000000444e-01
6.468749999999999778e-01
7.015624999999999778e-01
6.343750000000000222e-01
6.968750000000000222e-01
6.921874999999999556e-01
6.656250000000000222e-01
6.843749999999999556e-01
6.546874999999999778e-01
6.562500000000000000e-01
6.859374999999999778e-01
6.750000000000000444e-01
6.796875000000000000e-01
6.765624999999999556e-01
6.875000000000000000e-01
6.640625000000000000e-01
6.624999999999999778e-01
6.765624999999999556e-01
6.687499999999999556e-01
6.671875000000000444e-01
6.515625000000000444e-01
6.624999999999999778e-01
6.781249999999999778e-01
6.875000000000000000e-01
6.593750000000000444e-01
6.999999999999999556e-01
7.015624999999999778e-01
6.890625000000000222e-01
6.750000000000000444e-01
6.984375000000000444e-01
6.843749999999999556e-01
6.984375000000000444e-01
7.234374999999999556e-01
6.921874999999999556e-01
6.781249999999999778e-01
6.609374999999999556e-01
6.484375000000000000e-01
6.843749999999999556e-01
6.640625000000000000e-01
7.046875000000000222e-01
6.421875000000000222e-01
6.671875000000000444e-01
6.578125000000000222e-01
6.703124999999999778e-01
6.859374999999999778e-01
6.578125000000000222e-01
6.937499999999999778e-01
6.531249999999999556e-01
6.687499999999999556e-01
6.937499999999999778e-01
7.109375000000000000e-01
6.703124999999999778e-01
7.109375000000000000e-01
6.921874999999999556e-01
6.781249999999999778e-01
6.531249999999999556e-01
6.750000000000000444e-01
6.531249999999999556e-01
7.078124999999999556e-01
6.906250000000000444e-01
6.703124999999999778e-01
6.796875000000000000e-01
6.968750000000000222e-01
6.796875000000000000e-01
6.250000000000000000e-01
6.796875000000000000e-01
7.140625000000000444e-01
6.890625000000000222e-01
6.859374999999999778e-01
6.671875000000000444e-01
6.828125000000000444e-01
6.750000000000000444e-01
6.781249999999999778e-01
7.062500000000000444e-01
6.812500000000000222e-01
6.687499999999999556e-01
6.781249999999999778e-01
7.031250000000000000e-01
6.984375000000000444e-01
6.718750000000000000e-01
6.796875000000000000e-01
6.671875000000000444e-01
7.046875000000000222e-01
6.624999999999999778e-01
6.875000000000000000e-01
6.734375000000000222e-01
7.031250000000000000e-01
6.703124999999999778e-01
6.937499999999999778e-01
6.843749999999999556e-01
6.531249999999999556e-01
7.187500000000000000e-01
6.640625000000000000e-01
6.609374999999999556e-01
7.078124999999999556e-01
6.781249999999999778e-01
6.796875000000000000e-01
6.656250000000000222e-01
7.109375000000000000e-01
6.687499999999999556e-01
6.734375000000000222e-01
7.156249999999999556e-01
6.859374999999999778e-01
6.984375000000000444e-01
6.703124999999999778e-01
6.890625000000000222e-01
6.890625000000000222e-01
6.624999999999999778e-01
6.781249999999999778e-01
6.796875000000000000e-01
6.531249999999999556e-01
6.875000000000000000e-01
6.703124999999999778e-01
6.859374999999999778e-01
6.671875000000000444e-01
7.203125000000000222e-01
6.890625000000000222e-01
6.968750000000000222e-01
6.812500000000000222e-01
6.781249999999999778e-01
6.687499999999999556e-01
7.093749999999999778e-01
6.906250000000000444e-01
6.796875000000000000e-01
6.875000000000000000e-01
6.828125000000000444e-01
6.937499999999999778e-01
6.984375000000000444e-01
6.656250000000000222e-01
7.203125000000000222e-01
6.999999999999999556e-01
6.609374999999999556e-01
6.859374999999999778e-01
6.921874999999999556e-01
6.624999999999999778e-01
6.453124999999999556e-01
6.812500000000000222e-01
6.921874999999999556e-01
6.546874999999999778e-01
6.484375000000000000e-01
6.718750000000000000e-01
6.718750000000000000e-01
6.750000000000000444e-01
6.953125000000000000e-01
7.015624999999999778e-01
7.203125000000000222e-01
7.281250000000000222e-01
6.593750000000000444e-01
6.703124999999999778e-01
6.937499999999999778e-01
7.015624999999999778e-01
6.640625000000000000e-01
6.624999999999999778e-01
6.968750000000000222e-01
6.624999999999999778e-01
7.187500000000000000e-01
6.921874999999999556e-01
6.562500000000000000e-01
6.843749999999999556e-01
6.796875000000000000e-01
6.812500000000000222e-01
6.937499999999999778e-01
6.999999999999999556e-01
6.984375000000000444e-01
6.812500000000000222e-01
6.671875000000000444e-01
7.171874999999999778e-01
7.312499999999999556e-01
6.593750000000000444e-01
7.062500000000000444e-01
6.937499999999999778e-01
6.984375000000000444e-01
6.937499999999999778e-01
7.031250000000000000e-01
6.796875000000000000e-01
6.781249999999999778e-01
6.906250000000000444e-01
6.843749999999999556e-01
6.859374999999999778e-01
6.906250000000000444e-01
6.796875000000000000e-01
6.703124999999999778e-01
7.156249999999999556e-01
7.109375000000000000e-01
6.875000000000000000e-01
6.578125000000000222e-01
6.703124999999999778e-01
6.750000000000000444e-01
6.906250000000000444e-01
6.765624999999999556e-01
7.171874999999999778e-01
6.828125000000000444e-01
7.140625000000000444e-01
7.125000000000000222e-01
7.093749999999999778e-01
7.546874999999999556e-01
6.843749999999999556e-01
6.968750000000000222e-01
6.609374999999999556e-01
6.671875000000000444e-01
7.109375000000000000e-01
7.062500000000000444e-01
7.125000000000000222e-01
6.781249999999999778e-01
6.562500000000000000e-01
6.718750000000000000e-01
6.812500000000000222e-01
6.843749999999999556e-01
7.015624999999999778e-01
6.921874999999999556e-01
6.687499999999999556e-01
7.203125000000000222e-01
6.531249999999999556e-01
7.062500000000000444e-01
6.453124999999999556e-01
7.249999999999999778e-01
7.265625000000000000e-01
6.890625000000000222e-01
7.015624999999999778e-01
7.187500000000000000e-01
6.921874999999999556e-01
6.531249999999999556e-01
7.156249999999999556e-01
7.109375000000000000e-01
6.734375000000000222e-01
6.515625000000000444e-01
6.906250000000000444e-01
6.906250000000000444e-01
6.718750000000000000e-01
7.031250000000000000e-01
7.015624999999999778e-01
6.843749999999999556e-01
6.890625000000000222e-01
6.999999999999999556e-01
6.921874999999999556e-01
6.687499999999999556e-01
6.750000000000000444e-01
6.937499999999999778e-01
7.234374999999999556e-01
7.093749999999999778e-01
6.765624999999999556e-01
6.859374999999999778e-01
7.062500000000000444e-01
7.015624999999999778e-01
6.859374999999999778e-01
7.281250000000000222e-01
6.656250000000000222e-01
6.750000000000000444e-01
6.968750000000000222e-01
6.609374999999999556e-01
6.453124999999999556e-01
6.656250000000000222e-01
6.906250000000000444e-01
7.078124999999999556e-01
7.078124999999999556e-01
6.531249999999999556e-01
7.078124999999999556e-01
6.875000000000000000e-01
6.968750000000000222e-01
6.843749999999999556e-01
7.062500000000000444e-01
7.031250000000000000e-01
6.906250000000000444e-01
7.031250000000000000e-01
6.875000000000000000e-01
7.078124999999999556e-01
6.984375000000000444e-01
7.234374999999999556e-01
7.171874999999999778e-01
7.015624999999999778e-01
7.109375000000000000e-01
7.187500000000000000e-01
6.703124999999999778e-01
7.156249999999999556e-01
7.249999999999999778e-01
6.875000000000000000e-01
6.921874999999999556e-01
7.062500000000000444e-01
6.937499999999999778e-01
6.578125000000000222e-01
6.890625000000000222e-01
6.906250000000000444e-01
6.875000000000000000e-01
7.031250000000000000e-01
6.921874999999999556e-01
6.968750000000000222e-01
7.046875000000000222e-01
7.093749999999999778e-01
6.859374999999999778e-01
7.156249999999999556e-01
7.031250000000000000e-01
7.093749999999999778e-01
7.078124999999999556e-01
7.093749999999999778e-01
6.812500000000000222e-01
7.140625000000000444e-01
6.593750000000000444e-01
6.781249999999999778e-01
6.828125000000000444e-01
7.046875000000000222e-01
7.281250000000000222e-01
7.015624999999999778e-01
6.718750000000000000e-01
6.812500000000000222e-01
6.718750000000000000e-01
7.156249999999999556e-01
6.812500000000000222e-01
6.890625000000000222e-01
7.109375000000000000e-01
7.296875000000000444e-01
7.234374999999999556e-01
7.249999999999999778e-01
7.031250000000000000e-01
7.125000000000000222e-01
6.953125000000000000e-01
7.062500000000000444e-01
6.843749999999999556e-01
6.906250000000000444e-01
6.968750000000000222e-01
7.328124999999999778e-01
7.046875000000000222e-01
7.078124999999999556e-01
7.328124999999999778e-01
6.796875000000000000e-01
7.031250000000000000e-01
6.796875000000000000e-01
7.140625000000000444e-01
6.843749999999999556e-01
6.734375000000000222e-01
7.093749999999999778e-01
6.968750000000000222e-01
6.812500000000000222e-01
7.140625000000000444e-01
7.046875000000000222e-01
6.984375000000000444e-01
6.890625000000000222e-01
7.046875000000000222e-01
7.078124999999999556e-01
6.812500000000000222e-01
7.171874999999999778e-01
6.984375000000000444e-01
7.015624999999999778e-01
6.593750000000000444e-01
7.187500000000000000e-01
6.921874999999999556e-01
7.140625000000000444e-01
7.296875000000000444e-01
7.437500000000000222e-01
7.125000000000000222e-01
7.281250000000000222e-01
6.968750000000000222e-01
6.500000000000000222e-01
6.937499999999999778e-01
7.171874999999999778e-01
6.937499999999999778e-01
7.265625000000000000e-01
7.093749999999999778e-01
7.140625000000000444e-01
7.312499999999999556e-01
7.156249999999999556e-01
6.843749999999999556e-01
6.984375000000000444e-01
7.234374999999999556e-01
6.999999999999999556e-01
6.859374999999999778e-01
7.203125000000000222e-01
6.718750000000000000e-01
6.906250000000000444e-01
7.218750000000000444e-01
6.984375000000000444e-01
7.156249999999999556e-01
6.671875000000000444e-01
6.593750000000000444e-01
7.234374999999999556e-01
6.812500000000000222e-01
7.078124999999999556e-01
7.078124999999999556e-01
7.062500000000000444e-01
7.249999999999999778e-01
7.234374999999999556e-01
6.624999999999999778e-01
7.062500000000000444e-01
7.062500000000000444e-01
7.375000000000000444e-01
7.093749999999999778e-01
7.125000000000000222e-01
6.984375000000000444e-01
6.968750000000000222e-01
7.015624999999999778e-01
7.171874999999999778e-01
6.703124999999999778e-01
7.249999999999999778e-01
6.781249999999999778e-01
6.859374999999999778e-01
7.031250000000000000e-01
6.953125000000000000e-01
6.906250000000000444e-01
7.062500000000000444e-01
6.656250000000000222e-01
7.187500000000000000e-01
7.031250000000000000e-01
6.734375000000000222e-01
7.296875000000000444e-01
7.109375000000000000e-01
7.187500000000000000e-01
7.109375000000000000e-01
7.125000000000000222e-01
6.781249999999999778e-01
7.140625000000000444e-01
7.218750000000000444e-01
7.343750000000000000e-01
6.968750000000000222e-01
6.937499999999999778e-01
6.812500000000000222e-01
7.156249999999999556e-01
6.890625000000000222e-01
6.718750000000000000e-01
6.890625000000000222e-01
6.859374999999999778e-01
7.109375000000000000e-01
6.718750000000000000e-01
6.968750000000000222e-01
7.062500000000000444e-01
6.859374999999999778e-01
7.328124999999999778e-01
6.937499999999999778e-01
6.812500000000000222e-01
7.031250000000000000e-01
7.156249999999999556e-01
6.984375000000000444e-01
7.109375000000000000e-01
6.984375000000000444e-01
7.062500000000000444e-01
7.109375000000000000e-01
6.953125000000000000e-01
7.125000000000000222e-01
6.968750000000000222e-01
7.203125000000000222e-01
6.921874999999999556e-01
6.843749999999999556e-01
7.062500000000000444e-01
7.078124999999999556e-01
7.234374999999999556e-01
7.031250000000000000e-01
6.906250000000000444e-01
7.203125000000000222e-01
7.062500000000000444e-01
6.828125000000000444e-01
7.249999999999999778e-01
7.187500000000000000e-01
7.421875000000000000e-01
7.015624999999999778e-01
7.359375000000000222e-01
7.078124999999999556e-01
6.828125000000000444e-01
6.999999999999999556e-01
7.390624999999999556e-01
6.890625000000000222e-01
6.984375000000000444e-01
7.046875000000000222e-01
7.046875000000000222e-01
7.156249999999999556e-01
7.343750000000000000e-01
7.187500000000000000e-01
6.984375000000000444e-01
6.781249999999999778e-01
7.093749999999999778e-01
7.249999999999999778e-01
6.875000000000000000e-01
7.093749999999999778e-01
6.906250000000000444e-01
7.109375000000000000e-01
7.078124999999999556e-01
7.187500000000000000e-01
7.328124999999999778e-01
7.062500000000000444e-01
7.125000000000000222e-01
7.218750000000000444e-01
7.109375000000000000e-01
7.031250000000000000e-01
7.046875000000000222e-01
6.765624999999999556e-01
7.031250000000000000e-01
6.890625000000000222e-01
7.421875000000000000e-01
6.781249999999999778e-01
7.328124999999999778e-01
6.968750000000000222e-01
7.140625000000000444e-01
7.093749999999999778e-01
7.171874999999999778e-01
7.359375000000000222e-01
7.171874999999999778e-01
7.046875000000000222e-01
7.140625000000000444e-01
7.437500000000000222e-01
7.406249999999999778e-01
7.140625000000000444e-01
7.312499999999999556e-01
7.156249999999999556e-01
7.484374999999999778e-01
7.218750000000000444e-01
7.031250000000000000e-01
6.781249999999999778e-01
7.187500000000000000e-01
7.218750000000000444e-01
7.140625000000000444e-01
7.093749999999999778e-01
7.343750000000000000e-01
7.046875000000000222e-01
6.984375000000000444e-01
7.156249999999999556e-01
6.984375000000000444e-01
6.781249999999999778e-01
7.249999999999999778e-01
7.359375000000000222e-01
7.078124999999999556e-01
7.500000000000000000e-01
7.203125000000000222e-01
7.249999999999999778e-01
7.031250000000000000e-01
7.031250000000000000e-01
7.093749999999999778e-01
6.953125000000000000e-01
7.125000000000000222e-01
7.281250000000000222e-01
6.890625000000000222e-01
6.828125000000000444e-01
7.093749999999999778e-01
6.937499999999999778e-01
6.953125000000000000e-01
6.953125000000000000e-01
7.218750000000000444e-01
6.890625000000000222e-01
7.109375000000000000e-01
6.859374999999999778e-01
7.031250000000000000e-01
6.906250000000000444e-01
7.546874999999999556e-01
7.046875000000000222e-01
6.968750000000000222e-01
7.140625000000000444e-01
7.046875000000000222e-01
7.390624999999999556e-01
7.015624999999999778e-01
7.281250000000000222e-01
7.109375000000000000e-01
6.906250000000000444e-01
6.906250000000000444e-01
6.984375000000000444e-01
7.078124999999999556e-01
7.140625000000000444e-01
7.312499999999999556e-01
6.843749999999999556e-01
7.015624999999999778e-01
7.171874999999999778e-01
7.109375000000000000e-01
7.062500000000000444e-01
7.125000000000000222e-01
6.703124999999999778e-01
7.125000000000000222e-01
7.390624999999999556e-01
7.109375000000000000e-01
7.281250000000000222e-01
6.937499999999999778e-01
7.249999999999999778e-01
7.156249999999999556e-01
7.093749999999999778e-01
6.875000000000000000e-01
7.109375000000000000e-01
6.953125000000000000e-01
7.343750000000000000e-01
7.390624999999999556e-01
7.078124999999999556e-01
7.375000000000000444e-01
7.109375000000000000e-01
7.218750000000000444e-01
7.343750000000000000e-01
6.812500000000000222e-01
6.859374999999999778e-01
7.046875000000000222e-01
7.046875000000000222e-01
7.046875000000000222e-01
7.312499999999999556e-01
7.187500000000000000e-01
7.296875000000000444e-01
7.109375000000000000e-01
7.312499999999999556e-01
7.453125000000000444e-01
7.265625000000000000e-01
7.218750000000000444e-01
7.203125000000000222e-01
7.484374999999999778e-01
6.828125000000000444e-01
7.203125000000000222e-01
7.312499999999999556e-01
7.109375000000000000e-01
7.156249999999999556e-01
7.515625000000000222e-01
7.375000000000000444e-01
7.078124999999999556e-01
6.999999999999999556e-01
6.546874999999999778e-01
7.046875000000000222e-01
6.937499999999999778e-01
6.765624999999999556e-01
7.046875000000000222e-01
6.953125000000000000e-01
7.359375000000000222e-01
7.468749999999999556e-01
7.296875000000000444e-01
7.249999999999999778e-01
6.999999999999999556e-01
7.484374999999999778e-01
7.187500000000000000e-01
7.359375000000000222e-01
6.609374999999999556e-01
6.937499999999999778e-01
6.984375000000000444e-01
7.140625000000000444e-01
7.359375000000000222e-01
7.125000000000000222e-01
7.218750000000000444e-01
7.109375000000000000e-01
6.921874999999999556e-01
7.265625000000000000e-01
7.328124999999999778e-01
6.984375000000000444e-01
7.140625000000000444e-01
6.999999999999999556e-01
7.312499999999999556e-01
6.890625000000000222e-01
7.437500000000000222e-01
7.203125000000000222e-01
7.140625000000000444e-01
7.078124999999999556e-01
7.281250000000000222e-01
6.999999999999999556e-01
7.156249999999999556e-01
7.171874999999999778e-01
7.343750000000000000e-01
7.218750000000000444e-01
7.203125000000000222e-01
7.421875000000000000e-01
7.406249999999999778e-01
7.093749999999999778e-01
7.015624999999999778e-01
6.812500000000000222e-01
7.062500000000000444e-01
7.062500000000000444e-01
7.078124999999999556e-01
6.968750000000000222e-01
7.203125000000000222e-01
6.843749999999999556e-01
7.281250000000000222e-01
7.421875000000000000e-01
