8.196095705032349077e-01
7.990252494812011275e-01
7.595722228288650513e-01
7.467413514852523360e-01
7.384548157453536543e-01
7.618720024824142678e-01
7.208791583776473777e-01
7.115728080272674116e-01
7.271676450967788918e-01
6.981330603361129983e-01
7.136111378669738325e-01
7.241725087165832297e-01
7.034667462110519853e-01
6.979465246200561301e-01
7.054422169923781905e-01
6.852747499942779541e-01
7.044741243124008623e-01
6.965701609849930254e-01
6.799994558095932007e-01
6.930228918790817261e-01
6.860976427793502586e-01
6.670574247837066650e-01
6.631160080432891846e-01
6.377032279968262163e-01
6.909206598997116311e-01
6.709337532520294189e-01
6.665009051561355813e-01
6.787138819694519265e-01
6.715374499559402244e-01
6.834519326686858687e-01
6.808343201875686201e-01
6.895573109388350996e-01
6.778879314661026001e-01
6.871421247720718162e-01
6.980937242507934126e-01
6.621982187032700029e-01
6.805427223443984985e-01
6.828908294439315352e-01
6.733872771263123003e-01
6.759619653224945290e-01
6.691785871982574019e-01
6.808748573064804521e-01
6.720018893480300681e-01
6.617059648036957009e-01
6.777219682931899802e-01
6.914632290601729903e-01
6.580446094274521318e-01
6.387043088674545510e-01
6.713640689849853516e-01
6.448427230119705422e-01
6.641433894634246604e-01
6.767663478851317915e-01
6.624585121870041338e-01
6.557259112596511841e-01
6.615966171026229636e-01
6.691534608602524026e-01
6.642725586891173872e-01
6.661090344190597756e-01
6.564204216003417525e-01
6.337055683135985884e-01
6.515761762857437134e-01
6.588617920875549094e-01
6.703928500413894875e-01
6.737016856670379195e-01
6.767027646303176436e-01
6.669318556785583940e-01
6.654809027910232322e-01
6.570366650819778886e-01
6.579473197460175005e-01
6.720559686422348245e-01
6.495932251214980857e-01
6.554383069276810136e-01
6.531491428613662720e-01
6.425834923982620683e-01
6.561694502830505149e-01
6.442917913198471513e-01
6.405166447162627952e-01
6.566293805837630781e-01
6.459002882242202981e-01
6.530571341514587180e-01
6.479632019996642844e-01
6.524965763092041016e-01
6.552537411451340166e-01
6.569128811359405962e-01
6.492795407772063987e-01
6.427929103374481201e-01
6.321426689624786155e-01
6.654661953449249046e-01
6.377698034048080444e-01
6.414477437734603660e-01
6.475278079509735329e-01
6.524851977825164573e-01
6.578755974769592285e-01
6.255486428737639937e-01
6.333136290311813799e-01
6.278588861227035745e-01
6.270504444837570190e-01
6.557136356830597368e-01
6.374894559383392778e-01
6.418839484453201516e-01
6.249765932559967485e-01
6.461793988943099754e-01
6.632693856954574585e-01
6.447362631559372392e-01
6.423520863056182417e-01
6.492913752794265969e-01
6.326922684907912986e-01
6.341065376996993797e-01
6.575202077627182451e-01
6.273108184337615745e-01
6.360427409410476240e-01
6.486595869064331055e-01
6.615254402160644087e-01
6.486616849899291548e-01
6.644475072622298972e-01
6.374177932739257812e-01
6.348215043544769287e-01
6.555555611848831177e-01
6.253814756870269553e-01
6.430388361215590987e-01
6.443864256143569946e-01
6.473071247339248213e-01
6.416797190904617310e-01
6.365878432989120483e-01
6.169643372297286543e-01
6.416166841983794722e-01
6.352107316255569680e-01
6.518810242414474487e-01
6.501676797866821067e-01
6.534386605024338213e-01
6.689801514148712158e-01
6.384646445512771606e-01
6.454031109809875710e-01
6.571159213781356812e-01
6.622894406318664551e-01
6.502618938684463501e-01
6.147455334663390891e-01
6.221899211406707320e-01
6.590974152088164839e-01
6.269946098327636719e-01
6.492724627256393211e-01
6.694189995527267678e-01
6.469656109809875932e-01
6.242976486682891846e-01
6.218438833951950295e-01
6.176326721906661987e-01
6.148739844560623391e-01
6.508671313524245772e-01
6.297262519598006980e-01
6.426813900470733643e-01
6.260819554328918013e-01
6.523754149675369263e-01
6.384230494499206765e-01
6.183583706617354903e-01
6.512846261262893455e-01
6.337065458297729270e-01
6.250362813472747359e-01
6.478746116161346880e-01
6.215331807732582536e-01
6.459523379802704079e-01
6.504513800144196001e-01
6.456286847591400369e-01
6.092021971940994041e-01
6.115990996360778365e-01
6.299896806478499922e-01
6.342954665422440019e-01
6.454614430665970293e-01
6.248758941888808982e-01
6.289029181003570335e-01
6.353792488574981911e-01
6.198963344097137007e-01
6.304855614900588545e-01
6.289217382669448630e-01
6.510874181985855103e-01
6.429755985736846924e-01
6.406260758638382402e-01
6.226874649524688499e-01
6.376983135938644187e-01
6.353672862052917036e-01
6.368622988462447898e-01
6.267985731363296953e-01
6.428734809160232544e-01
6.393683880567551103e-01
6.370633125305176225e-01
6.359769999980926514e-01
6.354232400655746016e-01
6.267972439527511597e-01
6.132968574762344138e-01
6.243619859218597634e-01
6.253600388765334639e-01
6.011300534009933472e-01
6.087945163249969260e-01
6.226902514696120994e-01
6.242028534412383811e-01
6.433848947286605613e-01
6.053610980510711892e-01
6.395307272672653420e-01
6.102816820144653098e-01
6.334559112787246926e-01
6.566698670387267622e-01
6.126501411199569702e-01
6.613859176635742410e-01
6.513603299856185469e-01
6.016993939876555952e-01
6.161282122135162131e-01
6.120995283126831055e-01
6.007852047681808694e-01
6.127151459455489890e-01
6.258336395025253518e-01
6.169945597648620605e-01
6.091349884867668374e-01
6.121249884366989358e-01
6.344150528311729431e-01
6.097332194447517839e-01
5.738420933485031128e-01
6.167655006051063760e-01
6.229141920804976973e-01
6.032194823026657549e-01
6.291235566139221635e-01
6.261895537376404031e-01
6.404317885637282881e-01
6.233211308717727661e-01
6.165456205606461015e-01
6.347058117389678955e-01
6.370467960834502730e-01
6.339365005493163840e-01
6.401594400405883345e-01
6.130875170230865034e-01
6.322748422622680442e-01
6.465077519416808638e-01
6.432042360305786355e-01
6.061459273099899514e-01
6.147145658731461015e-01
6.280630439519881980e-01
6.314763411879539268e-01
6.132196635007858276e-01
6.171608746051788774e-01
6.192385911941528098e-01
6.268684327602386253e-01
6.205562382936478105e-01
6.189689278602600320e-01
6.111116141080856767e-01
6.232114166021347490e-01
6.505852520465851274e-01
6.254570424556732400e-01
6.212679237127304299e-01
6.298606753349303977e-01
6.115706503391266091e-01
6.017586290836334229e-01
6.358860135078430176e-01
6.226942598819732444e-01
6.417442172765731589e-01
6.113985180854797363e-01
6.350304186344146729e-01
6.277806267142296281e-01
6.318681955337523970e-01
5.802230626344681008e-01
5.939265474677085654e-01
6.169635593891144021e-01
6.043118804693221602e-01
6.084307163953781572e-01
6.375883549451828447e-01
5.910397052764893022e-01
6.254469156265258789e-01
6.162814691662787947e-01
6.312688261270522627e-01
6.076021507382393105e-01
6.441706955432892068e-01
6.028770953416824341e-01
6.262909054756164995e-01
6.242138370871543884e-01
6.367010772228240967e-01
6.041052341461181641e-01
6.115688204765319380e-01
6.414502322673797385e-01
6.454626590013503584e-01
6.204386889934540017e-01
6.073726803064346536e-01
6.152243360877036604e-01
6.030926138162613359e-01
6.169836312532425149e-01
6.258539438247681108e-01
6.196941077709198220e-01
6.160521060228347778e-01
6.267727494239807573e-01
6.255722776055335776e-01
5.996105462312698586e-01
6.381440490484238115e-01
6.280312001705169456e-01
6.041299059987068620e-01
6.135012194514274375e-01
6.514259964227676614e-01
6.030843988060951011e-01
5.911871373653412309e-01
6.174192175269126448e-01
6.223448127508163230e-01
6.254021286964416282e-01
6.219482839107512984e-01
6.019764542579650879e-01
6.332946062088012917e-01
6.297476172447205034e-01
6.103279173374176469e-01
6.309372812509537187e-01
5.913698688149452432e-01
6.223665416240692361e-01
6.198975324630737749e-01
6.097361221909523010e-01
6.006898492574691550e-01
6.045990929007529768e-01
6.208946242928504722e-01
6.099612802267074807e-01
6.325019538402557595e-01
6.236019968986511453e-01
5.780730009078979270e-01
6.075710535049438921e-01
6.231087028980255571e-01
6.170435070991515669e-01
6.136563867330551147e-01
6.290565758943558183e-01
6.143193006515502708e-01
6.279773682355880293e-01
6.173066049814224243e-01
6.247821718454360518e-01
6.454216361045836958e-01
6.093867063522339089e-01
6.066373378038406594e-01
6.028155773878097756e-01
6.189695864915847334e-01
6.094388738274574280e-01
6.192072018980979697e-01
6.011927083134651628e-01
6.164333939552306685e-01
6.132022172212601152e-01
5.963637858629227129e-01
6.073795348405838235e-01
5.838023051619529724e-01
6.125253960490226746e-01
6.131458550691604170e-01
6.051035866141318831e-01
6.224978983402251753e-01
6.252257496118545088e-01
6.122135683894157632e-01
6.199343860149383323e-01
6.105672866106033325e-01
5.899295762181282488e-01
6.387658968567848650e-01
5.868715792894363403e-01
6.590344637632370439e-01
6.054385975003242493e-01
5.903147473931312783e-01
6.150772601366043535e-01
5.906781256198883057e-01
6.173629641532898393e-01
6.115855276584625244e-01
6.088785156607627869e-01
6.120605945587158647e-01
6.269450664520264116e-01
5.992233559489250627e-01
6.028592735528945923e-01
6.189950168132781760e-01
6.162201344966888872e-01
6.165718406438827071e-01
6.250699877738952193e-01
6.101594567298889160e-01
6.255921408534049766e-01
6.310756862163543479e-01
6.246691361069679482e-01
5.890669792890548262e-01
6.277629345655441062e-01
6.106894150376319663e-01
5.980152592062950578e-01
5.823056012392043845e-01
6.079194515943526778e-01
6.093652963638305220e-01
6.003719449043274370e-01
5.788075849413871765e-01
5.739844411611556563e-01
6.046357795596122298e-01
6.223083823919296487e-01
6.222651600837707520e-01
6.388957113027572410e-01
5.985118359327316062e-01
6.327787578105926736e-01
5.909028768539428267e-01
6.444357126951217873e-01
6.140405654907226118e-01
6.133687436580658181e-01
6.281994253396987471e-01
6.191944122314453347e-01
6.177333205938339011e-01
5.981333881616592851e-01
6.135298058390616927e-01
6.064224004745483176e-01
6.046042397618294206e-01
5.919390782713890298e-01
6.025107920169829878e-01
5.763608649373054282e-01
5.795904874801636186e-01
6.152564898133278115e-01
6.401813521981238875e-01
6.040619924664497598e-01
6.281972050666808638e-01
5.927993178367614302e-01
6.067493870854377969e-01
5.995464295148849043e-01
6.115318015217781067e-01
5.890110135078430176e-01
6.097412973642348799e-01
6.642023772001266479e-01
6.050460115075111389e-01
5.945587113499641863e-01
6.049705937504767927e-01
5.858000338077544722e-01
6.010784119367599265e-01
5.936177492141723189e-01
6.155588030815124512e-01
5.992731511592864768e-01
5.795695677399634871e-01
5.861803084611892922e-01
5.938139423727989419e-01
6.148343399167061074e-01
5.797682136297226396e-01
5.982723742723464744e-01
5.998234480619430986e-01
5.971022889018058333e-01
6.104167610406875388e-01
5.993625938892364058e-01
6.203201115131378174e-01
5.945849150419235674e-01
6.178821355104446855e-01
5.930998429656029192e-01
6.205432116985321045e-01
5.964373588562011941e-01
6.056695580482482910e-01
6.251484557986259905e-01
5.776002839207649009e-01
6.326863855123520120e-01
6.285535007715224998e-01
5.855700731277465598e-01
6.004508256912231001e-01
6.078021019697189553e-01
6.019261375069617781e-01
5.601776629686355813e-01
5.932655021548270957e-01
6.003175616264343484e-01
5.685002043843269126e-01
6.057168096303939819e-01
5.935731038451195207e-01
6.029599308967590332e-01
5.983295008540153725e-01
5.967148542404174805e-01
6.253816664218903032e-01
6.311668187379837480e-01
6.078698679804801497e-01
6.274818718433380349e-01
6.034714519977569802e-01
6.268060818314552529e-01
6.184423744678497759e-01
6.294711172580719216e-01
5.948679074645042419e-01
5.942512497305869612e-01
5.895300030708312544e-01
5.987133979797363281e-01
5.957021906971931013e-01
6.023146301507950051e-01
5.824993044137954934e-01
6.003938883543014082e-01
5.858565941452980042e-01
5.913706630468368308e-01
5.896071240305900130e-01
5.942783176898955855e-01
5.925909459590912309e-01
6.009102761745452881e-01
5.894675657153130022e-01
5.732169553637505022e-01
6.173438891768455727e-01
6.008529797196388023e-01
5.813292756676673445e-01
6.028491690754890220e-01
6.093174576759338157e-01
6.175712674856186357e-01
5.975982069969176802e-01
6.103797525167464766e-01
6.141363233327865601e-01
5.947224318981170210e-01
5.944460123777389748e-01
6.172556385397911516e-01
5.791030943393706831e-01
5.892171815037727800e-01
5.757348790764809099e-01
5.577603891491890176e-01
6.118234798312187639e-01
6.047587096691131592e-01
5.938655257225036177e-01
5.822856485843658225e-01
6.215765446424483809e-01
6.331171467900276184e-01
6.022626414895058122e-01
6.191275969147682634e-01
5.881059125065803972e-01
5.784619539976120217e-01
6.097660869359969871e-01
5.963919252157211526e-01
6.018599539995193037e-01
6.071552962064743486e-01
6.045534834265708923e-01
5.774134337902069314e-01
5.985178500413894653e-01
6.052931666374206099e-01
6.143748700618744119e-01
5.847974061965942605e-01
5.652168735861777815e-01
6.154975458979606850e-01
5.929060980677605119e-01
5.950684681534766929e-01
5.909603118896484819e-01
5.934309065341949463e-01
5.980229467153549416e-01
5.887772306799888833e-01
6.083309620618819746e-01
5.855156838893890159e-01
5.888542681932449341e-01
5.801149815320968406e-01
5.818389579653739929e-01
5.945281326770782693e-01
5.968342274427413940e-01
5.882758304476738420e-01
5.790200412273407427e-01
5.918435797095298323e-01
6.124538049101829751e-01
6.386485219001769575e-01
5.993770569562911765e-01
5.866110593080520186e-01
6.161572068929672685e-01
5.752751231193542480e-01
5.770004138350486311e-01
5.779552787542343584e-01
5.874456733465194258e-01
5.813507542014122453e-01
5.490595996379852295e-01
6.038794010877609475e-01
5.834833085536956787e-01
6.259187251329422219e-01
6.146690756082534568e-01
5.871657833456993547e-01
5.879767745733260886e-01
5.809271946549415810e-01
5.959721803665161133e-01
6.011275485157966392e-01
6.099439188838005066e-01
5.963540837168693765e-01
6.243786841630936113e-01
5.825432062149047407e-01
5.902436837553978188e-01
5.901275396347045454e-01
5.871621862053870711e-01
6.039087533950805442e-01
5.658779770135879961e-01
6.235664397478103416e-01
5.694705933332443459e-01
5.714161038398742898e-01
6.035005599260330200e-01
5.894357517361641374e-01
5.745808362960815874e-01
6.072216048836708291e-01
6.218136414885521157e-01
5.573799595236778037e-01
5.790952906012535317e-01
6.000648111104964766e-01
6.189255133271217568e-01
5.944503098726272583e-01
5.858094483613968118e-01
6.003743156790732893e-01
5.726759210228919983e-01
5.936537429690360579e-01
5.823511824011802229e-01
6.101137161254882590e-01
5.966013520956039429e-01
5.966762915253639443e-01
6.314198747277259827e-01
5.980356022715568320e-01
5.977428331971168518e-01
5.604602441191672835e-01
5.718788847327231917e-01
5.898831143975258318e-01
5.678839713335037676e-01
5.849702432751655579e-01
5.731655135750770569e-01
6.096295475959777610e-01
5.715464875102043152e-01
6.009946659207343611e-01
6.016111835837364419e-01
5.945155411958694680e-01
6.215429097414016946e-01
6.296316444873809592e-01
6.153434038162231001e-01
5.935415104031562805e-01
5.781048730015754256e-01
5.750628516077995744e-01
6.158878222107887490e-01
5.926550298929214033e-01
5.858447536826133506e-01
6.001715436577796936e-01
5.990791574120521989e-01
5.607141196727752908e-01
5.737631857395172341e-01
5.914791122078895125e-01
5.826842635869979858e-01
6.225355207920074685e-01
5.732217535376549211e-01
5.883789479732512984e-01
5.637374207377433555e-01
5.688147008419036643e-01
5.859174624085425886e-01
5.658080592751503213e-01
5.640763938426971436e-01
6.115825489163398965e-01
5.641963407397270203e-01
5.602927505970001221e-01
6.094271287322043928e-01
5.793785631656647173e-01
5.821222707629203352e-01
5.702289134263992532e-01
6.535016566514968428e-01
6.036301136016846147e-01
5.833906978368759155e-01
5.700085833668708801e-01
5.798862472176551375e-01
5.786044478416443315e-01
5.907391920685768349e-01
5.766274690628051536e-01
5.656448006629943848e-01
5.983895316720009294e-01
5.807323634624481645e-01
5.789721861481667009e-01
5.848129332065582497e-01
5.773369550704956499e-01
6.025340735912323442e-01
6.070236682891845259e-01
5.902059555053711382e-01
6.214081868529319763e-01
6.031494736671447754e-01
6.001288145780563354e-01
5.710704311728477256e-01
5.567467346787452476e-01
5.642204016447067705e-01
6.057481572031975237e-01
6.163833111524581465e-01
6.002809107303619385e-01
5.660442754626273665e-01
5.886508539319038613e-01
5.775077342987060547e-01
5.712513104081153870e-01
5.570253536105156389e-01
5.656316325068473372e-01
5.669278547167777571e-01
5.956626921892166360e-01
5.766701593995093855e-01
5.881846278905868974e-01
5.607852563261985779e-01
5.667931586503982544e-01
5.918259292840957198e-01
5.995702415704726729e-01
5.553134843707084878e-01
5.796312630176544411e-01
6.041071936488151550e-01
5.488152801990509033e-01
6.205914363265037093e-01
5.872387886047363281e-01
6.094747245311736839e-01
5.923922091722488847e-01
6.061016872525215593e-01
6.135883331298828125e-01
5.824378579854965210e-01
5.827932193875312583e-01
5.955415427684783714e-01
5.706668272614479065e-01
5.767190501093863997e-01
6.023548468947410583e-01
5.890092000365256819e-01
5.809817358851432356e-01
5.884644761681556702e-01
6.106051251292228255e-01
5.827990859746933205e-01
5.783570840954780357e-01
5.715791389346123186e-01
6.187971144914626853e-01
5.932795241475105064e-01
6.073204666376114114e-01
5.806383043527603149e-01
5.669529378414154275e-01
5.665566757321357505e-01
5.651792883872985840e-01
5.837212786078452842e-01
5.888762131333351579e-01
6.179338291287421736e-01
5.786739647388458030e-01
5.707903921604156050e-01
5.669375941157340781e-01
5.603425517678261025e-01
5.800772398710251077e-01
5.566359475255012734e-01
5.695251867175101790e-01
5.683626249432564004e-01
5.988842844963073730e-01
5.892709836363791975e-01
5.534883096814156023e-01
5.839103952050208601e-01
5.961399555206299272e-01
5.541812017560004966e-01
5.937797173857688460e-01
5.942183718085288779e-01
5.755311936140060647e-01
5.972349032759666221e-01
5.844869986176490784e-01
6.084383741021156533e-01
6.038872018456459267e-01
5.880373835563659224e-01
5.896151676774025185e-01
5.994927808642387390e-01
5.857998266816138999e-01
5.745120942592620850e-01
5.643179684877395186e-01
5.744043260812758955e-01
5.973228484392165694e-01
5.858780235052108987e-01
5.661843895912170854e-01
5.621654719114304033e-01
5.825772613286972490e-01
5.770491600036621316e-01
5.969434276223182234e-01
5.915479987859726396e-01
5.828254178166389909e-01
5.854935750365257707e-01
5.935618445277214272e-01
5.624135717749595420e-01
5.876702427864074485e-01
6.062307029962539229e-01
6.020548760890960249e-01
5.907109767198562844e-01
5.936862677335739136e-01
5.776849746704101340e-01
6.138999730348586592e-01
5.690146759152412415e-01
5.740587219595909563e-01
5.981632381677627341e-01
5.780687153339385542e-01
5.748663961887359175e-01
5.749587595462799516e-01
5.676597774028777632e-01
5.818101257085800393e-01
5.786258742213249429e-01
5.587533533573150191e-01
5.790337666869163069e-01
5.714320257306099160e-01
6.104752242565154585e-01
5.879396960139274819e-01
5.973207905888557878e-01
5.677656650543212447e-01
5.989760935306549516e-01
6.123245254158973250e-01
5.768866494297981706e-01
5.988008111715317217e-01
5.867328777909278648e-01
6.060290694236755149e-01
5.799713626503943953e-01
5.869722813367843628e-01
5.836335942149162292e-01
5.648064270615578142e-01
5.678727060556412187e-01
6.107862696051598039e-01
5.757198765873908775e-01
5.559010192751884238e-01
5.882956773042679055e-01
5.630479976534843445e-01
5.876697391271591409e-01
5.974804043769836870e-01
5.684439390897750854e-01
6.080587074160576089e-01
5.850041806697845459e-01
5.742378771305084451e-01
5.743677303194999473e-01
5.906086623668670432e-01
5.836132317781448364e-01
5.927299991250037925e-01
5.665330857038497481e-01
5.668619140982628091e-01
5.788978174328803794e-01
5.678432747721672280e-01
5.710524141788482222e-01
5.968767121434211953e-01
5.967356026172637717e-01
5.830182567238807456e-01
5.597310796380042808e-01
5.422682657837867293e-01
5.714330941438674483e-01
5.531013429164886031e-01
5.504926159977913125e-01
5.897399216890335527e-01
5.836330711841583030e-01
5.669242277741431968e-01
6.019024804234505144e-01
5.818704500794410484e-01
5.746159553527832031e-01
5.976620346307754961e-01
5.692491084337234497e-01
5.599052742123603599e-01
5.427334994077682717e-01
5.863840728998184204e-01
6.031486183404922707e-01
5.693293809890747070e-01
5.766181215643882974e-01
5.806295141577720864e-01
5.726046442985535112e-01
5.932546362280846086e-01
5.619606345891952071e-01
5.852923363447188887e-01
5.757486984133720620e-01
5.512278780341148821e-01
5.682813674211502075e-01
5.694979995489120039e-01
5.653941780328750610e-01
5.532612577080726624e-01
5.851932704448700173e-01
5.845107644796371238e-01
6.250062897801399453e-01
5.734144449234008789e-01
5.839543148875236955e-01
5.510288402438163757e-01
5.966012671589850935e-01
5.570505768060683982e-01
5.785070106387137923e-01
5.758491918444633706e-01
5.834985241293907388e-01
5.631672218441963196e-01
5.634230658411979453e-01
5.372413039207458718e-01
5.810588181018829790e-01
5.683437943458556907e-01
5.514092043042182478e-01
5.798897832632065041e-01
5.617943122982979043e-01
5.610051497817039046e-01
5.614288523793220520e-01
5.526833742856979148e-01
5.700192689895630105e-01
5.965219154953956826e-01
5.926391690969466941e-01
5.599482402205466780e-01
5.857800319790840149e-01
5.671619519591331038e-01
5.625972568988799605e-01
5.433281496167182700e-01
5.803359523415565491e-01
5.890313073992728965e-01
5.936431735754013062e-01
5.856125563383102195e-01
6.174996167421340498e-01
5.611981660127639548e-01
5.334915325045586076e-01
5.609589576721191184e-01
5.470744833350181802e-01
5.769456252455711365e-01
5.576797842979430708e-01
5.747408211231231911e-01
5.770412951707839522e-01
5.665354743599891885e-01
5.760920777916908042e-01
5.707239955663681030e-01
5.557637944817542808e-01
5.919196054339408430e-01
5.811885997653007951e-01
5.671431899070740190e-01
5.830357179045677629e-01
5.642689511179923567e-01
5.968673035502434221e-01
5.654158562421798262e-01
5.987156823277473006e-01
5.790175870060920715e-01
6.162177801132202593e-01
5.766964435577393022e-01
5.663891643285751121e-01
5.441346153616904990e-01
5.795142769813537154e-01
5.788016140460967573e-01
5.780905142426491228e-01
5.788964673876761946e-01
5.199427023530006631e-01
5.701237261295318826e-01
5.689581945538521035e-01
5.601170927286147627e-01
5.834648936986923662e-01
5.541286200284958330e-01
5.946118563413620439e-01
5.675773695111274719e-01
5.838303491473197937e-01
5.526701733469963074e-01
5.744237974286079407e-01
5.868645131587981734e-01
5.514428451657295005e-01
5.626480147242546304e-01
6.015190362930298296e-01
5.470513209700584856e-01
6.096328511834144814e-01
5.800291433930396812e-01
5.495443269610404968e-01
5.652884900569915549e-01
5.609505608677863853e-01
5.893440589308738264e-01
5.557666987180709395e-01
5.694644421339034590e-01
5.556707054376601729e-01
5.814522445201874001e-01
5.917233228683471680e-01
5.747926622629165871e-01
5.399513974785804526e-01
5.342198058962821516e-01
5.851307526230812295e-01
5.662466451525688393e-01
5.817665591835975425e-01
5.717248752713203208e-01
5.460378155112266541e-01
5.830741435289382713e-01
5.689542427659034507e-01
6.092148482799529807e-01
5.856584399938583596e-01
5.572461888194084612e-01
5.569007277488708940e-01
5.694927334785461204e-01
5.523107349872589111e-01
5.594028860330582109e-01
5.501981943845748457e-01
5.307123661041259766e-01
5.671025305986404641e-01
5.500630140304565430e-01
5.601105004549026267e-01
5.564191937446594238e-01
5.909543231129645857e-01
5.691895723342895730e-01
5.589888408780098183e-01
5.725546374917029890e-01
5.713042572140694109e-01
5.380422100424766541e-01
5.593600422143936157e-01
5.824153631925582664e-01
5.884874299168586509e-01
6.351142287254333274e-01
5.679974064230919328e-01
5.850369036197662354e-01
6.001584738492965476e-01
5.691668599843978660e-01
5.824111282825470415e-01
5.574702724814415422e-01
5.270848155021667925e-01
5.726723998785019365e-01
5.594972178339958635e-01
5.772043436765670332e-01
5.577363491058349165e-01
5.547047749161719832e-01
5.353898257017135620e-01
5.924203738570212874e-01
6.011529639363288879e-01
5.799472838640212791e-01
5.841613262891769409e-01
5.472575634717941062e-01
5.721582904458045737e-01
5.642136409878730774e-01
5.614567041397094949e-01
6.004962742328643355e-01
5.541354030370712058e-01
5.603603810071945412e-01
5.788219407200813071e-01
5.596245482563972917e-01
5.960111334919929726e-01
5.394827038049697654e-01
5.765158727765082869e-01
5.478750243782997131e-01
5.658988490700721519e-01
5.835211828351021257e-01
5.825280800461769548e-01
5.409312456846236961e-01
5.645129188895225969e-01
5.627674281597137007e-01
5.876506581902504189e-01
5.484323143959045632e-01
5.506953939795493636e-01
5.835651263594627824e-01
5.259407043457031694e-01
5.506931871175766435e-01
5.628834918141365495e-01
5.671651512384414673e-01
6.186431929469108359e-01
5.632392778992653115e-01
5.626107156276702881e-01
5.645439833402633445e-01
6.043575942516327126e-01
5.523818641901016013e-01
6.152339205145835876e-01
5.678998470306396706e-01
5.229359194636344910e-01
