7.537119241861196528e-01
6.544883162547380229e-01
6.272108930807847038e-01
5.993162879577049740e-01
5.876230600552680983e-01
5.765634344174311865e-01
5.671023443723336444e-01
5.601893738294259073e-01
5.554399109803713763e-01
5.489205123522342689e-01
5.478637906221243137e-01
5.434782987985855573e-01
5.350827600711430820e-01
5.299389409713256560e-01
5.339306799265054471e-01
5.298343045589251066e-01
5.249246834180294474e-01
5.216742549187097788e-01
5.244089745558224713e-01
5.239893888815855272e-01
5.156748496569120155e-01
5.161016792823106547e-01
5.186349894755926115e-01
5.143546214470496869e-01
5.095126069509066102e-01
5.101306687562893183e-01
5.100833336512248239e-01
5.092862060436835758e-01
5.072132755548526273e-01
5.018955646417080363e-01
5.050539765602503062e-01
4.975140070303892270e-01
5.048843058256002880e-01
