5.947916666666667185e-01
6.409455128205128194e-01
6.642227564102564097e-01
6.862179487179487225e-01
6.978766025641025550e-01
7.089743589743590091e-01
7.199118589743589425e-01
7.252003205128204621e-01
7.294871794871794490e-01
7.371794871794872250e-01
7.356971153846153522e-01
7.409054487179487225e-01
7.469150641025641413e-01
7.509615384615384581e-01
7.492387820512820262e-01
7.529246794871794490e-01
7.573717948717948456e-01
7.616185897435897578e-01
7.562900641025640525e-01
7.582131410256410797e-01
7.636217948717948234e-01
7.614983974358974228e-01
7.618189102564102422e-01
7.641426282051282382e-01
7.675881410256409909e-01
7.656650641025640747e-01
7.674679487179487669e-01
7.670673076923076872e-01
7.701522435897435459e-01
7.712339743589743390e-01
7.721554487179487225e-01
7.766426282051281937e-01
7.701923076923077316e-01
