7.330352783203124556e-01
7.439594864845275879e-01
7.244351327419280562e-01
7.380262792110443559e-01
7.332668930292129961e-01
7.193368136882781760e-01
7.120896339416503684e-01
7.102139472961426225e-01
6.979879319667816606e-01
7.004153013229370561e-01
7.162764489650725874e-01
7.099251627922058550e-01
7.111376821994781494e-01
6.971394777297973411e-01
7.023228704929351807e-01
6.984919279813766035e-01
6.981655299663543923e-01
6.917605549097061157e-01
6.969782620668411033e-01
6.880443513393401656e-01
6.959623575210571733e-01
6.845068693161010520e-01
6.867261886596679465e-01
6.814945161342620406e-01
6.873363167047500388e-01
6.664771586656570435e-01
6.862944662570953369e-01
6.637841552495956643e-01
6.614430308341979758e-01
6.821441113948821799e-01
6.661255002021789773e-01
6.719146311283111794e-01
6.733925879001617654e-01
6.714521378278732744e-01
6.779557347297668901e-01
6.662916481494903786e-01
6.959047615528106689e-01
6.786421835422515869e-01
6.729594439268111739e-01
6.691752165555954202e-01
7.037756830453872903e-01
6.688070505857467429e-01
6.743411928415298240e-01
6.605787843465804610e-01
6.642592489719391091e-01
6.677781760692595991e-01
6.598975449800491555e-01
6.568164497613906416e-01
6.567435026168823020e-01
6.475108921527862327e-01
6.472014605998992476e-01
6.394230246543883833e-01
6.361677765846251997e-01
6.668399244546889815e-01
6.607199609279632568e-01
6.538408100605010986e-01
6.388196110725402610e-01
6.617129087448120339e-01
6.611852586269378884e-01
6.635764688253402710e-01
6.674891471862792747e-01
6.452570199966430886e-01
6.895442813634872214e-01
6.580519139766692893e-01
6.343803703784942627e-01
6.504069298505783525e-01
6.689194589853286743e-01
6.361399084329605325e-01
6.739302277565002441e-01
6.461245894432068315e-01
6.585524052381515059e-01
6.420515954494476762e-01
6.573782265186309814e-01
6.605773061513900979e-01
6.607191324234008567e-01
6.459267228841781838e-01
6.425040513277053833e-01
6.434021443128585815e-01
6.289503544569015059e-01
6.442690402269363181e-01
6.318302482366562334e-01
6.397802650928496870e-01
6.567195415496825950e-01
6.416694641113280806e-01
6.387786149978638139e-01
6.614133089780807051e-01
6.542803972959518877e-01
6.463495314121245894e-01
6.523363292217254639e-01
6.652325302362441795e-01
6.639245033264160600e-01
6.401443213224411455e-01
6.524342566728591475e-01
6.495516806840896384e-01
6.499047011137009111e-01
6.241234630346298440e-01
6.543357282876968162e-01
6.299175947904587236e-01
6.390189826488494873e-01
6.224465936422347578e-01
6.371080428361892700e-01
6.408390820026397261e-01
6.343961820006370766e-01
6.631977707147598267e-01
6.584052145481109619e-01
6.403154790401458518e-01
6.379997402429580244e-01
6.223519533872604592e-01
6.327140688896178977e-01
6.528244018554687500e-01
6.360339850187302080e-01
6.495255589485168235e-01
6.154237031936645730e-01
6.770904093980789629e-01
6.339930355548858421e-01
6.261328965425491111e-01
6.304210990667342696e-01
6.154459536075591597e-01
6.273625865578651428e-01
6.382064849138260332e-01
6.474800646305084451e-01
6.442871898412704246e-01
6.059046566486359087e-01
6.587187752127647844e-01
6.338911205530166626e-01
6.545181065797806008e-01
6.245614916086197344e-01
6.269357621669768843e-01
6.475821167230606523e-01
6.518456846475600974e-01
6.253930717706680520e-01
6.179482042789459229e-01
6.419735014438628928e-01
6.218414336442947832e-01
6.467057526111602561e-01
6.416913479566573875e-01
6.488392472267150435e-01
6.416422605514526811e-01
6.435229718685150369e-01
6.303406447172165139e-01
6.390216946601867676e-01
6.217586040496826394e-01
6.141337066888808982e-01
6.230870693922042625e-01
6.430332377552986367e-01
6.024550497531890869e-01
6.352691292762756570e-01
6.064152479171752708e-01
6.162389665842056274e-01
6.242404639720916526e-01
6.438122063875197920e-01
6.466142416000366655e-01
6.440337896347045898e-01
6.168371915817261186e-01
6.305581837892532127e-01
6.377895444631576094e-01
6.392227858304977417e-01
6.480999588966369629e-01
6.457014441490173118e-01
6.314921230077743530e-01
6.334794402122497781e-01
6.131247192621230857e-01
6.420901030302047507e-01
6.252944886684417281e-01
6.304242551326751931e-01
6.174509614706039651e-01
6.213898405432700667e-01
6.205114692449569258e-01
5.959949195384979248e-01
6.132897943258285300e-01
6.207629621028900591e-01
6.242120936512947083e-01
6.290893480181694031e-01
6.287066280841827615e-01
6.407551497220993486e-01
6.088535815477371660e-01
6.159504979848862138e-01
6.140911892056465371e-01
6.274680793285369873e-01
6.351395308971404807e-01
6.376812130212783369e-01
6.392766863107681719e-01
6.357192754745483176e-01
6.393653661012649314e-01
6.431892573833465354e-01
6.202436566352844682e-01
6.129379957914352639e-01
6.058552443981171098e-01
6.324327528476715310e-01
6.154603928327559981e-01
6.142940044403075728e-01
6.189587116241455078e-01
6.100403010845184548e-01
6.620902568101882935e-01
6.333013534545898215e-01
6.203334718942642434e-01
6.089046359062194602e-01
6.087582290172577348e-01
6.301019445061684099e-01
6.078118115663528886e-01
6.248314678668975830e-01
6.431856572628020796e-01
6.150442868471145408e-01
6.631426244974136797e-01
6.208946824073791060e-01
6.189738869667053001e-01
6.221952646970748679e-01
6.102893650531768799e-01
6.222104787826537864e-01
6.187915593385696633e-01
5.897200912237167136e-01
6.154651328921317832e-01
6.017252594232559426e-01
6.464416563510895219e-01
6.165591761469840781e-01
5.927348583936691284e-01
6.101272761821746604e-01
6.052686184644698875e-01
6.192882329225539717e-01
6.380032986402511819e-01
6.236343264579773393e-01
6.348014831542968528e-01
6.165778264403343201e-01
6.292203128337859885e-01
6.189701303839683089e-01
5.938234820961951765e-01
6.412166476249694380e-01
6.126057505607604980e-01
6.274018168449402300e-01
6.169005393981933372e-01
6.499992787837982622e-01
6.198406904935837014e-01
6.135435193777084573e-01
5.996539756655693276e-01
6.165029212832451311e-01
6.300644800066947937e-01
5.952363163232803345e-01
6.070867806673050371e-01
6.338614434003829734e-01
6.260637432336807473e-01
6.200773268938064575e-01
5.982457250356674194e-01
6.272164896130562051e-01
5.925333768129348311e-01
6.251727104187011497e-01
6.341456681489944236e-01
6.221529841423034668e-01
6.276148319244384544e-01
6.497737541794776917e-01
6.226118594408035500e-01
6.413889676332473755e-01
6.320894002914428933e-01
6.107167407870293108e-01
6.269172191619872825e-01
6.119985625147819075e-01
6.107989400625228882e-01
6.087637633085251077e-01
6.174787878990173340e-01
6.231105715036392434e-01
5.787844419479369895e-01
6.071419686079024824e-01
6.296739488840102927e-01
6.245273694396018538e-01
6.322334542870521323e-01
6.123245716094970481e-01
6.068568840622902139e-01
6.123141855001449363e-01
6.406198889017105103e-01
5.964506655931473000e-01
5.886260017752646956e-01
6.395862728357315508e-01
6.354542702436447588e-01
6.170253366231918113e-01
6.135285884141922219e-01
6.116421699523926225e-01
6.044680178165435791e-01
6.112296953797340393e-01
6.300882309675216453e-01
6.324555635452270286e-01
6.215710312128066573e-01
5.841165825724601302e-01
5.988906890153884444e-01
6.152086704969406128e-01
5.763089984655380693e-01
6.071769565343856367e-01
5.947371378540993181e-01
6.003134489059448464e-01
6.034317359328269514e-01
6.057266533374786599e-01
6.072862118482589278e-01
6.050680845975875410e-01
6.292906641960144265e-01
6.324384927749633345e-01
6.330854594707489014e-01
6.132277250289916992e-01
6.163899451494216919e-01
5.923416137695312056e-01
6.158357679843902144e-01
6.066330298781394958e-01
6.046405464410782304e-01
6.322810500860214233e-01
6.089943468570708784e-01
6.040232062339783159e-01
6.116289198398590088e-01
6.103706762194633928e-01
6.267306119203567283e-01
6.177231118082999739e-01
6.182508125901222673e-01
5.787070184946060403e-01
6.167046874761581421e-01
6.311708867549896684e-01
6.125711560249328391e-01
6.152101308107376099e-01
5.970266088843345642e-01
5.989023879170417564e-01
6.250998288393020408e-01
5.946395322680473328e-01
6.311162561178207397e-01
6.147027924656868203e-01
6.045235276222229448e-01
6.296468168497085793e-01
6.337854862213134766e-01
6.029860377311706543e-01
6.070860475301742554e-01
5.862869709730148537e-01
6.118120029568672180e-01
5.712942197918892129e-01
5.950234860181808916e-01
5.721067965030670610e-01
6.085069984197616355e-01
6.006628781557082908e-01
6.059526652097702026e-01
5.728046879172324912e-01
6.010894715785980447e-01
6.040463179349899736e-01
6.477866679430007713e-01
6.125992894172668235e-01
6.092949733138084412e-01
6.075668022036552207e-01
5.953373298048972861e-01
5.997538790106773376e-01
5.971018090844154580e-01
6.324435457587241904e-01
6.267328560352325439e-01
6.217853635549545066e-01
6.377014040946960005e-01
6.299030274152755959e-01
6.184704393148422463e-01
5.861996978521346602e-01
6.209503024816512839e-01
5.951717317104339156e-01
5.869918137788772139e-01
5.776925697922706826e-01
5.853340119123459084e-01
5.878252774477005227e-01
5.734807923436164856e-01
6.425088405609130637e-01
6.013964980840682539e-01
5.944307103753090349e-01
5.980049088597297891e-01
6.171756446361541526e-01
6.143129467964172363e-01
5.972669050097465515e-01
6.236943483352661577e-01
5.914655223488807234e-01
6.211418688297272173e-01
5.782434493303298950e-01
6.243997469544411150e-01
5.998704373836517556e-01
6.053655326366425005e-01
6.121410176157950911e-01
5.816967114806175232e-01
5.944544315338134988e-01
5.640325814485549483e-01
5.824756160378455894e-01
5.955758258700371011e-01
6.062208130955696328e-01
5.926201105117797630e-01
6.073282897472381814e-01
5.740194454789161460e-01
5.996456906199455483e-01
5.904195085167884827e-01
6.174109518527984841e-01
6.227719634771347046e-01
6.035472452640533447e-01
5.757882684469223245e-01
6.030664667487144470e-01
6.119138017296791299e-01
5.852712631225586160e-01
6.072404965758323447e-01
5.964237928390503374e-01
6.388188332319260088e-01
5.875485867261887041e-01
6.141589254140853438e-01
6.111720412969589011e-01
6.032011777162551436e-01
5.657217890024185403e-01
5.778160154819488303e-01
5.947990521788597551e-01
6.071875691413879395e-01
5.791192576289176941e-01
6.012129157781600508e-01
5.640364453196525796e-01
5.865076884627342668e-01
6.028145045042038186e-01
5.718868583440780418e-01
5.998350247740745766e-01
6.089653551578522173e-01
6.443711191415786299e-01
6.051221475005149619e-01
6.022763013839721458e-01
5.985815301537513733e-01
6.396428167819976363e-01
5.926478788256644981e-01
6.010894432663917986e-01
6.213166832923888716e-01
6.172842711210251299e-01
5.861987531185149924e-01
5.895249813795089278e-01
5.962248161435127480e-01
5.962325587868690935e-01
5.694091349840164629e-01
5.846139967441559282e-01
6.134430468082427979e-01
5.897352784872055276e-01
6.006617516279220137e-01
5.804692700505256209e-01
5.914691060781478438e-01
5.817019417881965637e-01
5.772914797067641990e-01
5.984291955828666687e-01
6.041247054934502092e-01
5.873833358287811057e-01
5.780118182301521301e-01
5.698648020625114441e-01
5.947718665003776106e-01
5.811184853315353172e-01
5.832063630223274231e-01
5.898682475090026855e-01
5.968135178089142290e-01
6.035623252391815186e-01
5.623987391591072083e-01
5.913972035050392151e-01
5.849710181355476379e-01
5.579442307353019714e-01
5.816439151763915794e-01
6.094895943999290022e-01
6.086790740489960161e-01
6.098573908209801164e-01
5.751163825392723306e-01
6.061353951692580733e-01
5.815008267760276572e-01
5.851230472326278687e-01
5.790229424834251182e-01
5.985837310552597490e-01
6.120864391326904519e-01
5.697746396064757857e-01
5.949480399489402993e-01
6.072724491357803789e-01
5.770718991756439431e-01
6.029786586761474165e-01
5.839191943407058272e-01
6.102704897522925886e-01
6.249095767736434492e-01
5.874391749501228777e-01
6.028458058834076372e-01
5.835298061370849387e-01
6.025260701775551064e-01
5.892532214522361311e-01
5.649937689304351807e-01
6.003110498189926370e-01
5.757230415940284285e-01
5.958424940705299155e-01
6.015617206692696062e-01
6.027309805154800193e-01
5.989638090133666548e-01
5.743695303797722307e-01
5.747960567474365012e-01
5.917191758751869646e-01
5.939691707491874251e-01
5.729416280984878096e-01
6.158689111471176147e-01
5.931851372122765031e-01
5.957292824983596580e-01
6.020260423421859297e-01
5.896420463919639365e-01
6.188642621040344460e-01
5.709327787160873857e-01
5.756913781166076438e-01
5.676208257675170454e-01
5.913633063435554948e-01
5.700848504900932756e-01
5.839891135692596436e-01
5.614195972681045310e-01
5.826604500412940757e-01
6.259960144758224265e-01
6.135887756943703142e-01
5.726742431521415488e-01
5.633381396532058938e-01
5.763756886124611345e-01
5.801958665251731873e-01
6.023340880870818870e-01
5.901545137166976929e-01
5.788462132215499434e-01
5.660947114229202271e-01
5.798610866069793257e-01
6.199500039219856262e-01
5.990029975771904436e-01
5.878646656870841758e-01
5.717347711324691772e-01
5.952501267194747481e-01
5.857331305742263794e-01
5.785365894436835799e-01
6.067403614521026389e-01
6.026318594813346863e-01
5.799803510308265686e-01
5.878224059939384238e-01
6.078530699014663696e-01
5.856680259108543174e-01
6.002439618110656516e-01
5.880446448922157510e-01
5.538424655795097795e-01
5.954370230436325517e-01
5.738846883177757263e-01
5.691933006048202071e-01
5.839204624295234458e-01
6.062422543764114380e-01
6.024193197488785234e-01
5.734535217285156028e-01
5.988565385341644287e-01
5.530429765582084434e-01
5.860373869538306746e-01
5.646912306547164917e-01
5.847835034132004006e-01
5.597964167594909890e-01
