4.488685339689254539e-01
4.157227434217929951e-01
4.760056488215923531e-01
4.695923089981078880e-01
4.554524935781955608e-01
4.280988708138465659e-01
5.024917900562286821e-01
4.448596961796283944e-01
4.238980367779731639e-01
4.395647391676902882e-01
4.476158060133457184e-01
5.245470270514488442e-01
3.915202714502811210e-01
4.146476812660694344e-01
4.232587359845638164e-01
4.324146158993243949e-01
4.352242857217788474e-01
3.970235377550125344e-01
4.627089142799377663e-01
4.811035931110382302e-01
4.788681961596011893e-01
4.657260745763778798e-01
4.150567591190338357e-01
4.975172325968742482e-01
5.665607862174510956e-01
4.629738278687000053e-01
5.047839805483818054e-01
3.637555934488773124e-01
3.762748911976814270e-01
4.833342827856540458e-01
4.607757978141308053e-01
4.424510486423969269e-01
4.195637583732604869e-01
4.255163535475731118e-01
4.555432304739951976e-01
4.910710148513316997e-01
4.014793165028095467e-01
4.858993701636791229e-01
4.970558159053325431e-01
4.340132929384708516e-01
3.851943820714950339e-01
5.444247275590896606e-01
4.259146928787231334e-01
4.944185562431812064e-01
4.670771189033985360e-01
3.973748326301574929e-01
4.204117774963379017e-01
4.043016158044338004e-01
4.977097764611244091e-01
4.765579700469970703e-01
4.988011196255683899e-01
3.784724034368991963e-01
4.215004108846187592e-01
4.300763331353664176e-01
4.873947598040103690e-01
5.092232219874859300e-01
4.220769494771957620e-01
4.762948274612426869e-01
6.291619010269642320e-01
4.713849022984504811e-01
5.333198487758636919e-01
3.746176257729530445e-01
4.270748712122440227e-01
4.524295851588249207e-01
4.550371639430522697e-01
4.240614101290702820e-01
4.442712150514125935e-01
5.909046836197375807e-01
4.652229826897382736e-01
4.959079615771770366e-01
4.729576855897903442e-01
4.384656779468059651e-01
4.126025125384330527e-01
4.385396406054496987e-01
4.375124715268611797e-01
4.972608521580695884e-01
3.486109912395477517e-01
4.005341947078704945e-01
4.549882411956787109e-01
5.021963097155094369e-01
5.309716776013374551e-01
4.211789257824420929e-01
4.657030485570430867e-01
4.459821805357933044e-01
3.926700837910175323e-01
4.595468379557132721e-01
4.508735649287700653e-01
4.293620809912681580e-01
3.626041069626808055e-01
3.646416373550891987e-01
5.225307285785675271e-01
4.214726034551858902e-01
3.681133560836314933e-01
3.742045789957046398e-01
4.876713447272777446e-01
3.377873033285140880e-01
4.209427170455455891e-01
4.620622985064983257e-01
4.658106684684753529e-01
3.814278744161129220e-01
3.918151661753654369e-01
4.503975838422775158e-01
5.006268166005611864e-01
4.343401052057743184e-01
4.219922654330730549e-01
5.197843089699745178e-01
3.804889716207980888e-01
4.588233672082424053e-01
3.995049588382243999e-01
4.390450790524482727e-01
4.745832800865173451e-01
4.155785024166107067e-01
5.368587799370289071e-01
4.059056155383586884e-01
5.100933022797107252e-01
4.602167688310146443e-01
4.475909218192100636e-01
5.029088988900184409e-01
4.990815557539463043e-01
5.686731830239295515e-01
4.273035466670990212e-01
4.110070042312145011e-01
4.883589044213295094e-01
4.803509227931499481e-01
4.204263597726821677e-01
4.840341307222842948e-01
4.340145334601402394e-01
4.921162635087966697e-01
4.164274215698242076e-01
4.479444846510887146e-01
4.055675141513347404e-01
5.048421479761600050e-01
4.512565620243549347e-01
4.003540471196174733e-01
4.565779738128185050e-01
4.331893756985664146e-01
4.497573219239711650e-01
4.920119866728782654e-01
4.228319466114044411e-01
4.524670086801051982e-01
5.031612962484359741e-01
4.811928912997245900e-01
4.028293810784816520e-01
4.795064464211463706e-01
3.873187877237797005e-01
4.309032760560512765e-01
5.696010001003741774e-01
4.016006037592887989e-01
4.233911350369453652e-01
4.290078260004520638e-01
4.577478043735027091e-01
4.623523905873298534e-01
5.130845613777637038e-01
5.047178126871585402e-01
5.776762068271636963e-01
5.044509097933769226e-01
5.378994598984718767e-01
