8.312500000000000444e-01
8.750000000000000000e-01
7.750000000000000222e-01
8.000000000000000444e-01
8.125000000000000000e-01
8.000000000000000444e-01
7.687500000000000444e-01
8.062500000000000222e-01
8.437500000000000000e-01
8.187499999999999778e-01
8.375000000000000222e-01
7.562499999999999778e-01
8.375000000000000222e-01
8.125000000000000000e-01
8.187499999999999778e-01
8.499999999999999778e-01
8.437500000000000000e-01
8.312500000000000444e-01
7.937499999999999556e-01
7.624999999999999556e-01
7.874999999999999778e-01
8.249999999999999556e-01
8.499999999999999778e-01
7.500000000000000000e-01
7.312499999999999556e-01
7.874999999999999778e-01
8.062500000000000222e-01
8.562499999999999556e-01
8.375000000000000222e-01
7.874999999999999778e-01
7.812500000000000000e-01
8.062500000000000222e-01
8.000000000000000444e-01
8.312500000000000444e-01
8.062500000000000222e-01
7.624999999999999556e-01
8.249999999999999556e-01
7.812500000000000000e-01
7.812500000000000000e-01
7.750000000000000222e-01
8.499999999999999778e-01
7.687500000000000444e-01
8.125000000000000000e-01
7.687500000000000444e-01
8.000000000000000444e-01
8.562499999999999556e-01
8.187499999999999778e-01
8.437500000000000000e-01
7.750000000000000222e-01
7.624999999999999556e-01
7.562499999999999778e-01
8.249999999999999556e-01
8.125000000000000000e-01
8.375000000000000222e-01
7.937499999999999556e-01
7.874999999999999778e-01
8.249999999999999556e-01
7.750000000000000222e-01
7.500000000000000000e-01
8.125000000000000000e-01
7.562499999999999778e-01
8.249999999999999556e-01
8.000000000000000444e-01
7.750000000000000222e-01
8.000000000000000444e-01
8.187499999999999778e-01
8.312500000000000444e-01
7.249999999999999778e-01
8.125000000000000000e-01
7.624999999999999556e-01
8.125000000000000000e-01
8.062500000000000222e-01
8.000000000000000444e-01
8.125000000000000000e-01
8.375000000000000222e-01
8.000000000000000444e-01
8.625000000000000444e-01
8.562499999999999556e-01
8.125000000000000000e-01
7.874999999999999778e-01
7.375000000000000444e-01
7.937499999999999556e-01
7.750000000000000222e-01
7.937499999999999556e-01
8.187499999999999778e-01
7.937499999999999556e-01
7.874999999999999778e-01
8.187499999999999778e-01
8.687500000000000222e-01
8.687500000000000222e-01
7.375000000000000444e-01
8.312500000000000444e-01
8.625000000000000444e-01
8.375000000000000222e-01
7.812500000000000000e-01
8.750000000000000000e-01
8.249999999999999556e-01
7.937499999999999556e-01
8.062500000000000222e-01
8.750000000000000000e-01
8.562499999999999556e-01
8.062500000000000222e-01
7.624999999999999556e-01
8.312500000000000444e-01
8.187499999999999778e-01
7.562499999999999778e-01
8.562499999999999556e-01
8.000000000000000444e-01
8.625000000000000444e-01
7.937499999999999556e-01
8.125000000000000000e-01
8.437500000000000000e-01
7.812500000000000000e-01
8.375000000000000222e-01
7.750000000000000222e-01
8.062500000000000222e-01
8.187499999999999778e-01
7.624999999999999556e-01
7.750000000000000222e-01
7.437500000000000222e-01
8.125000000000000000e-01
8.375000000000000222e-01
7.937499999999999556e-01
7.937499999999999556e-01
8.312500000000000444e-01
7.874999999999999778e-01
8.312500000000000444e-01
8.125000000000000000e-01
8.249999999999999556e-01
8.000000000000000444e-01
8.062500000000000222e-01
7.500000000000000000e-01
7.874999999999999778e-01
8.375000000000000222e-01
8.062500000000000222e-01
8.187499999999999778e-01
7.874999999999999778e-01
7.874999999999999778e-01
8.125000000000000000e-01
8.249999999999999556e-01
8.000000000000000444e-01
7.937499999999999556e-01
8.249999999999999556e-01
8.062500000000000222e-01
8.187499999999999778e-01
8.375000000000000222e-01
7.562499999999999778e-01
8.062500000000000222e-01
8.062500000000000222e-01
8.062500000000000222e-01
8.000000000000000444e-01
7.874999999999999778e-01
7.874999999999999778e-01
8.000000000000000444e-01
7.062500000000000444e-01
7.687500000000000444e-01
7.562499999999999778e-01
