5.013999998569488303e-01
5.283999979496002419e-01
5.395999968051909956e-01
5.644000053405762163e-01
5.638000026345253435e-01
5.803999960422515647e-01
5.912000060081481490e-01
5.698000043630599976e-01
5.810000032186508623e-01
5.949999988079071045e-01
5.972000032663344893e-01
6.007999956607819048e-01
5.919999986886977927e-01
6.120000004768371138e-01
5.970000028610229492e-01
6.226000040769577026e-01
6.005999982357025369e-01
6.068000048398971558e-01
6.114000022411346658e-01
6.165999978780746238e-01
6.058000028133392334e-01
6.223999977111815962e-01
6.241999953985214455e-01
6.289999932050704956e-01
6.343999952077865601e-01
6.351999968290329424e-01
6.437999933958054033e-01
6.315999984741210715e-01
6.330000072717666404e-01
6.279999971389770286e-01
6.501999944448471069e-01
6.363999962806701216e-01
6.446000009775161299e-01
6.458000034093857034e-01
6.361999988555908647e-01
6.443999975919723067e-01
6.430000007152557595e-01
6.488000005483627319e-01
6.537999987602234331e-01
6.537999957799911499e-01
6.565999984741210938e-01
6.465999990701675193e-01
6.587999999523163064e-01
6.546000003814697044e-01
6.610000014305115190e-01
6.498000055551529375e-01
6.524000018835067749e-01
6.570000052452087402e-01
6.580000013113022073e-01
6.621999979019165261e-01
6.703999966382980791e-01
6.703999996185302512e-01
6.579999983310699241e-01
6.647999972105026467e-01
6.695999979972839800e-01
6.720000058412551880e-01
6.636000007390976396e-01
6.718000024557113647e-01
6.793999999761581865e-01
6.837999999523163286e-01
6.680000066757202370e-01
6.675999939441681352e-01
6.657999932765961137e-01
6.642000019550323708e-01
6.718000024557113647e-01
6.755999982357024924e-01
6.717999994754790816e-01
6.762000113725662453e-01
6.770000010728836060e-01
6.739999949932098389e-01
6.650000005960464700e-01
6.744000017642974854e-01
6.694000005722046120e-01
6.706000059843063577e-01
6.734000056982040183e-01
6.724000006914139238e-01
6.668000012636184914e-01
6.724000036716460960e-01
6.732000023126601951e-01
6.836000055074691328e-01
6.591999977827072144e-01
6.743999987840652022e-01
6.734000027179718462e-01
6.742000013589859453e-01
6.790000021457671675e-01
6.846000015735625999e-01
6.750000000000000444e-01
6.828000038862228616e-01
6.870000034570693526e-01
6.773999989032745139e-01
6.819999933242797407e-01
6.722000032663345559e-01
6.784000009298324363e-01
6.755999892950057539e-01
6.841999977827072366e-01
6.817999929189682007e-01
6.777999997138977051e-01
6.685999929904937744e-01
6.731999993324280229e-01
6.805999994277953657e-01
6.800000041723250899e-01
6.861999958753586260e-01
6.715999960899352583e-01
6.689999938011169656e-01
6.871999979019165483e-01
6.751999944448471291e-01
6.663999974727630171e-01
6.777999937534332497e-01
6.775999993085861650e-01
6.748000055551528487e-01
6.715999990701675415e-01
6.929999917745590654e-01
6.689999997615814209e-01
6.770000010728836060e-01
6.854000002145766990e-01
6.731999963521957397e-01
6.725999921560287254e-01
6.820000022649764793e-01
6.839999943971634133e-01
6.811999946832656416e-01
6.739999979734421220e-01
6.754000008106231245e-01
6.707999914884567039e-01
6.722000032663345559e-01
6.859999984502792580e-01
6.612000018358230591e-01
6.860000014305114302e-01
6.729999959468841997e-01
6.791999965906143633e-01
6.835999935865402222e-01
6.761999994516372237e-01
6.784000039100647195e-01
6.815999984741211160e-01
6.771999984979629739e-01
6.717999964952469094e-01
6.733999997377395630e-01
6.697999984025955200e-01
6.880000025033951028e-01
6.808000028133391890e-01
6.827999949455261230e-01
6.841999977827072366e-01
6.782000005245208962e-01
6.827999949455261230e-01
6.758000016212463157e-01
6.731999963521957397e-01
6.810000061988830122e-01
6.872000008821487205e-01
6.714000076055526289e-01
6.825999915599822998e-01
6.819999992847443071e-01
6.803999990224838257e-01
6.777999967336654219e-01
6.722000032663345559e-01
6.731999993324280229e-01
6.909999966621398482e-01
6.713999956846237183e-01
6.757999956607818604e-01
6.788000077009200828e-01
6.694000005722046120e-01
6.772000014781951460e-01
6.733999997377395630e-01
6.846000045537948830e-01
6.733999997377395630e-01
6.713999986648560014e-01
6.792000025510788186e-01
6.852000057697296143e-01
6.818000018596649392e-01
6.771999955177306907e-01
6.789999991655349953e-01
6.685999989509582297e-01
6.766000002622604148e-01
6.736000061035156694e-01
6.652000099420547485e-01
6.759999960660934004e-01
6.770000010728836060e-01
6.754000037908554077e-01
6.753999978303909524e-01
6.827999979257584062e-01
6.830000013113022295e-01
6.736000061035156694e-01
6.733999997377395630e-01
6.808000028133391890e-01
6.817999988794326560e-01
6.763999998569488747e-01
6.842000007629394087e-01
6.766000032424926980e-01
6.803999990224838257e-01
6.777999997138977051e-01
6.778000026941299883e-01
6.730000019073486550e-01
6.736000031232833862e-01
6.764000058174133301e-01
6.793999999761581865e-01
6.603999972343445046e-01
6.892000049352645652e-01
6.814000040292740312e-01
6.800000011920929177e-01
6.837999999523163286e-01
6.722000002861022727e-01
6.777999997138977051e-01
