8.957971811294556108e-01
8.177683115005492942e-01
7.730514883995056596e-01
7.486325234174728838e-01
7.466112226247787476e-01
7.235532611608505027e-01
7.072780907154083696e-01
7.229840219020843284e-01
7.117995470762252808e-01
6.904776304960250632e-01
6.927145779132842796e-01
6.903173029422760010e-01
6.913613319396972878e-01
6.699039727449417336e-01
6.904149711132049339e-01
6.648857504129409568e-01
6.801193326711654219e-01
6.749353140592575517e-01
6.700943976640700850e-01
6.646276146173477617e-01
6.698314815759658369e-01
6.660197854042053667e-01
6.545418411493301170e-01
6.539455950260162354e-01
6.522308945655822532e-01
6.468143314123153687e-01
6.401673823595046553e-01
6.504771173000335471e-01
6.504386395215988603e-01
6.538460671901702437e-01
6.369818687438965066e-01
6.401699751615523848e-01
6.456293344497681108e-01
6.376763790845870750e-01
6.449842184782028642e-01
6.427332967519759910e-01
6.338499873876571877e-01
6.332910805940628052e-01
6.256715834140778032e-01
6.306947052478790727e-01
6.262434542179107222e-01
6.332982957363129106e-01
6.298644870519638506e-01
6.321039736270904763e-01
6.240340799093246904e-01
6.366345733404159546e-01
6.350479185581207053e-01
6.228634744882584062e-01
6.208439409732818826e-01
6.181311309337615967e-01
6.114086389541626421e-01
6.154406368732452393e-01
6.241182386875152588e-01
6.174756586551666260e-01
6.147717297077178733e-01
6.147328823804855125e-01
6.209066987037659135e-01
6.125559031963347945e-01
6.059325516223907915e-01
6.099338024854660256e-01
6.121012628078460471e-01
6.174348056316375510e-01
6.160555452108382735e-01
6.093048214912414329e-01
6.099575012922286987e-01
6.071259617805481179e-01
6.072047710418700950e-01
6.028633385896682295e-01
6.039297550916671309e-01
6.151240438222884688e-01
6.137263208627701250e-01
6.057210028171539085e-01
6.150151968002319780e-01
6.092567890882492065e-01
6.070164740085601807e-01
6.065719068050384744e-01
6.129131972789764182e-01
6.123733758926391824e-01
6.068932265043258667e-01
5.945935279130936113e-01
6.103244304656982866e-01
6.080930173397064431e-01
6.127271264791488425e-01
6.008132666349410567e-01
5.957995265722274558e-01
6.051526784896850142e-01
6.095084577798843828e-01
6.008868604898452981e-01
5.986069440841674805e-01
6.005873203277587447e-01
6.070551723241806030e-01
6.079685300588607566e-01
6.054171115159988625e-01
6.052144974470138328e-01
6.017085343599319902e-01
6.010102033615112305e-01
6.011975407600402832e-01
6.111333727836608665e-01
6.079818546772003396e-01
5.985424429178237693e-01
5.968012034893035445e-01
5.990377426147460715e-01
6.064053952693939653e-01
6.075909167528152910e-01
6.073574811220169289e-01
6.091527760028838667e-01
6.145603209733963013e-01
6.057156056165695635e-01
6.059664219617844072e-01
6.051460623741149458e-01
6.054766476154327393e-01
5.910439133644104226e-01
6.071315377950667891e-01
6.013986974954604880e-01
5.972425967454910722e-01
6.082348108291626421e-01
6.050284564495086448e-01
5.969893276691436990e-01
5.968801647424697432e-01
6.091627359390259233e-01
6.029380440711975542e-01
6.072704464197158369e-01
6.066345632076263206e-01
6.079522013664245828e-01
5.949076771736144797e-01
6.095449060201645342e-01
5.966771006584167258e-01
6.053254216909408347e-01
6.057696402072906272e-01
5.946330398321151289e-01
6.107361882925033125e-01
6.035697996616363747e-01
6.019745290279387984e-01
6.063605457544326560e-01
6.145016610622405784e-01
6.081609696149825606e-01
6.146455287933350053e-01
5.980535835027694924e-01
6.067559033632278220e-01
6.019662767648696899e-01
6.007201164960861428e-01
6.101758241653442161e-01
6.056371092796325462e-01
6.052627265453338623e-01
6.073564231395721658e-01
6.020711302757263406e-01
6.004177719354629739e-01
6.030509233474731223e-01
6.000507026910781860e-01
6.002390742301940696e-01
5.992406815290450828e-01
6.052921593189239946e-01
6.055780291557312234e-01
6.068611592054367065e-01
5.956230700016021951e-01
6.048385381698608843e-01
6.017531186342239824e-01
6.117515563964843750e-01
6.086261808872223122e-01
5.939184784889220969e-01
6.050487965345382468e-01
6.022047817707061323e-01
6.085049211978912354e-01
6.098218590021133867e-01
6.009976685047149214e-01
6.017407119274139626e-01
6.027083575725555864e-01
6.034581393003464189e-01
6.015561223030090332e-01
6.111300587654113770e-01
6.031179755926132646e-01
6.053989708423614946e-01
6.111000865697860940e-01
6.041101932525634322e-01
5.981515556573867576e-01
6.095450967550277710e-01
6.062703311443329302e-01
5.990530580282211748e-01
5.987923949956893699e-01
6.071443766355514304e-01
6.017273724079131858e-01
6.049800574779510276e-01
5.987790942192077193e-01
5.977653890848160234e-01
5.980889976024628130e-01
6.083843529224395308e-01
6.045841723680496216e-01
6.020809054374695046e-01
6.107304215431212935e-01
6.105400770902633667e-01
6.042825549840926680e-01
5.991054892539977583e-01
6.039780855178833452e-01
6.191181242465972900e-01
5.947743833065033403e-01
6.022013932466506736e-01
6.086185991764068159e-01
5.992356806993484053e-01
6.114336639642715676e-01
6.057772457599639448e-01
