5.099502913462810039e-01
5.082208326229682438e-01
5.089358309904734590e-01
5.077360579600700419e-01
5.102064186181777261e-01
5.066680976977715467e-01
5.045768797397613969e-01
5.047893834419739933e-01
5.085766608898456553e-01
5.035478001985794760e-01
5.115005626128270588e-01
5.050264953038631210e-01
5.063394881211794596e-01
5.021047800015180362e-01
5.058325548966725593e-01
5.072960760348882436e-01
5.054857960114111926e-01
5.020737273570818893e-01
5.049319877074315288e-01
5.131592915608332861e-01
5.056534814528930166e-01
5.061000509139819137e-01
5.088203422534159914e-01
5.096727600464454611e-01
5.072048395107954244e-01
5.070116668175428387e-01
5.035058958408159535e-01
5.076919817007504721e-01
5.065448880195617676e-01
5.030910125145545697e-01
5.072652350633571894e-01
5.074133250957880703e-01
5.095527630585890977e-01
5.065139709374844035e-01
5.068472362481630800e-01
5.133271153156574451e-01
5.072239765754112950e-01
5.109088061711727358e-01
5.105782693777328740e-01
5.078566245543650881e-01
5.051609358726403265e-01
5.076590839104774266e-01
5.100047574593470356e-01
5.064224658868251572e-01
5.077036279898423654e-01
5.080281488406352963e-01
5.089634161729078565e-01
5.116496523221333304e-01
5.092213627619620597e-01
5.062486101419497730e-01
5.027405002178290117e-01
5.026065421410096379e-01
5.051469954160543452e-01
5.025795015004964617e-01
5.063366451324560202e-01
5.083036460937597756e-01
5.085946219089704234e-01
5.071437001228332742e-01
5.045670104332459216e-01
5.061870001829587018e-01
5.066545379467499721e-01
5.056255149535643367e-01
5.077008922894795662e-01
5.101550093063941249e-01
5.069217104178208588e-01
5.149163836087935486e-01
5.068417087579384361e-01
5.034392239191592955e-01
5.084674803110269536e-01
5.088941895044767350e-01
5.100754117354368011e-01
5.076929890192471984e-01
5.062892362093314169e-01
5.092277400004557864e-01
5.056298407224508740e-01
5.074377613189893221e-01
5.073946952819824441e-01
5.101210974729978309e-01
5.069917247845576735e-01
5.108395238717396980e-01
5.069469459545917767e-01
5.040312044131449731e-01
5.099498119109716621e-01
5.106525827676822171e-01
5.052781418347970233e-01
5.023048138007139007e-01
5.084129154682159868e-01
5.047014300639812712e-01
5.092165624484037423e-01
5.025368059292817380e-01
5.109021996840452662e-01
5.083791210101200608e-01
5.054903268814087136e-01
5.082844853401183860e-01
5.090146530897189381e-01
5.065353697691208357e-01
5.056965947151184082e-01
5.083300469777523034e-01
5.052783290545145300e-01
5.097284486660590419e-01
5.061859294390067543e-01
5.072171224997593653e-01
5.090559337383661065e-01
5.043526965838212028e-01
5.094501571777539928e-01
5.035694003105163352e-01
5.047953290817065453e-01
5.138103122894580599e-01
5.081023515799106827e-01
5.097259108836834640e-01
5.105576947713509339e-01
5.040483954625252228e-01
5.077879974475273395e-01
5.059176246325175486e-01
5.050537904103596931e-01
5.074519294958848015e-01
5.065089983817858688e-01
5.082127402990291865e-01
5.034419521307333945e-01
5.048274141091566580e-01
5.087174907708779115e-01
5.114534387221703060e-01
5.056144697543901723e-01
5.101504651399758616e-01
5.066898779991345636e-01
5.094479938348134285e-01
5.078051188053228637e-01
5.044303669379307520e-01
5.072820790303058658e-01
5.093836707946581832e-01
5.082031613741165854e-01
5.079323261212079776e-01
5.109704234661199829e-01
5.090462085528251190e-01
5.094654310972263067e-01
5.038298727610172056e-01
5.077379648502056142e-01
5.082812694402841780e-01
5.098636775444715941e-01
5.092410949560312039e-01
5.089840962336613650e-01
5.063555318575638786e-01
5.074483973857684127e-01
5.003343305526635199e-01
5.070627669493357192e-01
5.076536470498793641e-01
5.086391319067050665e-01
5.126692100977285893e-01
5.058354521409059723e-01
5.061918432895954334e-01
5.076998444703909596e-01
5.052120155248887023e-01
5.056554939502324597e-01
5.077221289659157311e-01
5.069379915029574857e-01
5.043691259164077012e-01
5.058738830762031791e-01
5.075636266133723984e-01
5.075881904516464926e-01
5.046151280403137207e-01
5.062323337946182944e-01
5.079026356721535462e-01
5.083192767241062615e-01
5.065898844828972125e-01
5.106416515814952151e-01
5.089860321619571470e-01
5.075426937677921524e-01
5.113029556396679887e-01
5.061786040281638366e-01
5.050988724598517443e-01
5.115269741950890792e-01
5.074792611293303946e-01
5.079630089111817348e-01
5.127686590720446080e-01
5.075358051520127978e-01
5.086618547256176459e-01
5.053853148069137324e-01
5.077557828181828992e-01
5.050465553234785299e-01
5.058082074691088170e-01
5.088687743896093130e-01
5.059616278379391874e-01
5.060639355427180019e-01
5.072682975194393595e-01
5.069432607063880658e-01
5.066624557360625003e-01
5.041926069137377953e-01
5.118886854404057773e-01
5.071288886742714164e-01
5.059125168201250577e-01
5.108792537297958125e-01
5.108179931457226264e-01
5.050635735193887976e-01
5.084561921083010638e-01
5.095387139381506447e-01
5.076817180865850210e-01
5.071158236418015219e-01
5.090777400212410653e-01
5.041561389580750951e-01
5.054375055508736336e-01
5.123913474572010518e-01
5.054132339281913744e-01
5.078303787952814785e-01
5.056731395232372250e-01
5.065326164930294972e-01
5.065093220808567498e-01
5.095765492854974488e-01
5.088647445042927542e-01
5.065464002963824264e-01
5.081400594650170577e-01
5.093510357233194119e-01
5.072845650024903064e-01
5.061624256464151150e-01
5.072312364211448710e-01
5.070954044659932158e-01
5.086152390027657288e-01
5.078452506126501786e-01
5.064287055761386158e-01
5.032163522182366844e-01
5.078710603408324031e-01
5.023249922654567934e-01
5.045012973822080582e-01
5.090610858721610343e-01
5.071524237975095772e-01
5.089274935233287778e-01
5.080272784599890734e-01
5.050219399806780141e-01
5.140032968459985474e-01
5.106088568002750128e-01
5.100074483798100466e-01
5.057554937325990929e-01
5.119302630424499290e-01
5.092403749624888620e-01
5.084139744440714370e-01
5.052832884666247359e-01
5.077949612568586346e-01
5.111599362813509240e-01
5.040077185019468109e-01
5.081167551187368847e-01
5.087358784981262927e-01
5.082155669346833937e-01
5.033451633575635187e-01
5.067699122123229261e-01
5.063606833800291529e-01
5.076787632245284287e-01
5.052336666828546319e-01
5.062804463582161185e-01
5.020275174043117294e-01
5.056047326479202741e-01
5.112452727097731575e-01
5.047959806063235799e-01
5.037320876732850339e-01
5.095499634742737260e-01
5.065808089879842990e-01
5.068094135859073646e-01
5.053736909841879399e-01
5.098081874541747771e-01
5.121597219736148121e-01
5.042930433383354671e-01
5.085826289959443081e-01
5.092194040616353501e-01
5.070677011440961612e-01
5.077755588751572402e-01
5.036282123663486932e-01
5.063444434068141708e-01
5.122354444784995575e-01
5.067583755040779847e-01
5.095530662781152520e-01
5.090818742911020767e-01
5.064568640329898397e-01
5.082978077423878638e-01
5.103419415461711850e-01
5.054162606214865905e-01
5.062182787137153861e-01
5.055449866331540587e-01
5.086190804457053627e-01
5.089309452435909487e-01
5.058551667592464662e-01
5.040785659582186495e-01
5.044799801630851510e-01
5.072134711803534257e-01
5.041241135352697578e-01
5.044410918003473521e-01
5.099649718174568136e-01
5.054953324489104283e-01
5.083645687653468581e-01
5.094108040516193148e-01
5.081922356898967985e-01
5.042322057944077507e-01
5.090065508316724552e-01
5.033722026225847523e-01
5.037627389797797450e-01
5.103241435992411645e-01
5.054101557303697367e-01
5.112029621234306376e-01
5.060537547637254940e-01
5.079849836153861320e-01
5.063599331256670721e-01
5.067007210010137097e-01
5.084248157647940358e-01
5.065853264087285535e-01
5.123310189980726514e-01
5.049307838464394127e-01
5.066777305725292946e-01
5.074043668233431115e-01
5.062039641233591070e-01
5.126651977881406808e-01
5.079888242941635879e-01
5.042349366041329883e-01
5.099964357339419330e-01
5.093598326047261704e-01
5.107443911907000311e-01
5.098946184684068905e-01
5.048429687817891365e-01
5.087522602998293397e-01
5.099962364404629911e-01
5.073783697226108558e-01
5.111687070284134382e-01
5.099079268100934481e-01
5.080231370070041885e-01
5.041156479945549940e-01
5.084647297859191672e-01
5.069198211034139367e-01
5.095795444953136188e-01
5.087536030854934443e-01
5.084407736093570218e-01
5.088063299655913863e-01
5.100194415985009888e-01
5.116355801239992340e-01
5.083467485048831502e-01
5.081100606001340836e-01
5.088271856307983176e-01
5.136180753891285145e-01
5.054853014456920368e-01
5.055557850079658300e-01
5.083379207513271103e-01
5.056017915407816643e-01
5.074375306948637476e-01
5.109651111639462728e-01
5.086479232861444988e-01
5.079212641104673409e-01
5.030564690247559811e-01
5.064768765217219082e-01
5.087583492963742016e-01
5.100275958195711334e-01
5.108667318637554189e-01
5.083864051562089204e-01
5.042378810735849148e-01
5.068282251174632824e-01
5.085551963402674680e-01
5.127243864230620618e-01
5.066370990031804356e-01
5.080192361122523037e-01
5.063052856005154645e-01
5.100665476077642646e-01
5.068179135139171398e-01
5.106481463481218341e-01
5.056373440302335265e-01
5.037365833918253655e-01
5.073028400922432457e-01
5.067535851246270928e-01
5.032588828832674777e-01
5.086353308115250105e-01
5.048491624685433887e-01
5.075964923088367442e-01
5.056762087039458065e-01
5.084435641765594482e-01
5.067234109609555226e-01
5.076962241759667149e-01
5.112311580242254738e-01
5.104261442636832680e-01
5.101304757289397696e-01
5.063013622393974789e-01
5.016853676392482031e-01
5.011034291524153472e-01
5.063939073146918046e-01
5.087424716888330201e-01
5.033372611571580446e-01
5.122774822589678534e-01
5.135722916859847276e-01
5.086352200080186403e-01
5.063564979113065467e-01
5.071212232112884966e-01
5.091927554362859487e-01
5.093220898738274327e-01
5.053114166626563319e-01
5.088662696190369150e-01
5.090980065174591784e-01
5.101620579377198483e-01
5.085603425135979405e-01
5.042927639606671342e-01
5.060925390475835561e-01
5.093339848212706800e-01
5.083646172132247898e-01
5.071696761326912606e-01
5.071444995892353536e-01
5.054127279000404371e-01
5.047798777237916257e-01
5.072297010666284578e-01
5.091204953499329777e-01
5.120483725498884420e-01
5.072325697311987902e-01
5.039918488416916809e-01
5.078404009342193381e-01
5.078207971193851034e-01
5.115098869189237396e-01
5.094512707147842434e-01
5.078700588299678298e-01
5.083119665965055711e-01
5.063115951342460619e-01
5.068003778274242643e-01
5.087943888627566302e-01
5.029102514951656611e-01
5.084232723101591578e-01
5.086705311750754355e-01
5.059815703294215927e-01
5.047514397364396554e-01
5.064005682101616612e-01
5.095658880013685943e-01
5.136513087994013516e-01
5.099678971828558449e-01
5.036001162651257967e-01
5.065282506820483199e-01
5.079900530668405301e-01
5.037699097242110957e-01
5.100474042770190009e-01
5.086012001220996392e-01
5.072156968789223175e-01
5.055218973220922951e-01
5.068073937526116346e-01
5.031320058382474647e-01
5.096896891410533925e-01
5.099963460213098321e-01
5.088183233371147418e-01
5.076815987244630568e-01
5.082524371452820100e-01
5.112625204599821060e-01
5.057440768449734669e-01
5.081515850164951553e-01
5.077614513727334300e-01
5.058908451826144015e-01
5.042959451675415039e-01
5.085476944079765360e-01
5.062118511933546561e-01
5.078795909881591575e-01
5.064098275624788759e-01
5.123256146907806396e-01
5.088440329600603107e-01
5.059174468884101161e-01
5.097352778300260345e-01
5.075525149320945228e-01
5.047988822826972033e-01
5.092069653364328374e-01
5.060576791946704844e-01
5.085009474020737441e-01
5.051783291193154835e-01
5.071459024380414737e-01
5.099259128937354557e-01
5.106914981817587407e-01
5.064663345997150179e-01
5.069688404217744804e-01
5.109259275289682600e-01
5.056272265238639374e-01
5.082639616269332139e-01
5.121012710607968366e-01
5.081743588814369161e-01
5.095493283027258125e-01
5.072836079658605835e-01
5.102653625683907235e-01
5.062413240090394284e-01
5.096622202640924693e-01
5.090424456657507424e-01
5.065893967946369925e-01
5.131805276259397974e-01
5.090776043060498690e-01
5.073355884124071125e-01
5.070306368363208804e-01
5.037086466948191843e-01
5.074228998942252877e-01
5.046715256495353241e-01
5.056225723181015930e-01
5.102143292243663808e-01
5.111462583908668034e-01
5.071422965098649760e-01
5.098055203755696985e-01
5.081371157597273092e-01
5.111531599974020734e-01
5.074206101588714102e-01
5.095628322699130575e-01
5.092375475626725878e-01
5.076729771418448944e-01
5.062389659575926570e-01
5.081202109654744392e-01
5.086096063638344544e-01
5.050554017225901138e-01
5.130917816590040426e-01
5.033315273431631098e-01
5.094403885878049376e-01
5.055591221039111849e-01
5.124393489116277900e-01
5.058649069223648542e-01
5.025579394438327574e-01
5.112781657622410547e-01
5.078814625740051270e-01
5.067877407257374012e-01
5.045385583853110312e-01
5.058961000197973457e-01
5.094344403499212470e-01
5.083512503367203506e-01
5.102467171656779321e-01
5.086943950408544524e-01
5.014371844438406667e-01
5.012677107101831675e-01
5.056963593531877965e-01
5.053714689535971916e-01
5.095652982210501225e-01
5.059432881000714977e-01
5.081038306920956371e-01
5.036193046814355645e-01
5.061336145951197407e-01
5.085097152453202929e-01
5.058656727656339891e-01
5.082721597109085554e-01
5.119886214916522515e-01
5.056583153895842786e-01
5.070197003009991876e-01
5.047955893553219830e-01
5.099289545646080724e-01
5.060490533327445251e-01
5.085398651086366906e-01
5.090341201195349718e-01
5.038084459610474575e-01
5.086292066635229592e-01
5.085529882174272265e-01
5.061315777974251251e-01
5.068523675967485653e-01
5.072861300064966938e-01
5.100346684455872026e-01
5.084186139779213187e-01
5.100920940056825614e-01
5.063705597168359773e-01
5.058545134006402488e-01
5.108334909646938815e-01
5.082115665460243958e-01
5.046694164092724311e-01
5.085630939557002073e-01
5.074717327570303915e-01
5.098345632736499544e-01
5.118364693262638099e-01
5.036979203040783393e-01
5.089215041735233314e-01
5.082955733323708536e-01
5.092148793049348088e-01
5.056137121640719156e-01
5.025068200551546793e-01
5.081519722938537820e-01
5.043217241764068604e-01
5.050409573775070937e-01
5.095281011018997219e-01
5.071910217786446129e-01
5.095070522565108284e-01
5.086759056800450596e-01
5.114338767834198940e-01
5.132102792079632492e-01
5.082957857694381243e-01
5.055126475982176792e-01
5.086277998410738688e-01
5.110424653077736412e-01
5.061240934408628434e-01
5.107223003338544620e-01
5.087800067204695242e-01
5.063485180720305179e-01
5.048986826187524812e-01
5.037739938650376281e-01
5.109228922770573389e-01
5.107964164171463484e-01
5.030399530361859828e-01
5.119228207148038834e-01
5.095784590794489866e-01
5.064537995900862954e-01
5.048902508540030754e-01
5.110882302125294707e-01
5.125067360890217527e-01
5.083001474539439180e-01
5.056481882547720907e-01
5.078548382490108981e-01
5.067674849277887805e-01
5.084248830110599249e-01
5.034687563394888432e-01
5.078572100553757629e-01
5.035511632760365508e-01
5.125503723437969672e-01
5.049977606687789944e-01
5.056024519296792308e-01
5.107955037019191735e-01
5.095552024168845673e-01
5.048688459090697744e-01
5.060609126702333427e-01
5.061634956262051066e-01
5.089000040139907144e-01
5.077311564714480641e-01
5.032314072816800321e-01
5.096158547279162621e-01
5.118151094668951240e-01
5.017316842690492384e-01
5.035512604774572409e-01
5.044424104384886975e-01
5.117447929504590487e-01
5.066916647629859938e-01
5.073470820219089239e-01
5.065317528370099076e-01
5.055197423849350225e-01
5.025570990183414466e-01
5.047421235304612175e-01
5.067317467469435455e-01
5.054827676369593181e-01
5.060041400102468501e-01
5.074273792596963872e-01
5.068515378695267470e-01
5.046448484445229532e-01
5.016525633824177044e-01
5.064817894727755565e-01
5.034631663408034585e-01
5.090469662959759001e-01
5.105952608279692440e-01
5.056894490352044080e-01
5.043074328165787490e-01
5.041123932752853420e-01
5.115140387645134012e-01
5.036093238072517630e-01
5.049210516306069652e-01
5.128772865503262723e-01
5.064210136731465139e-01
5.071887535926623558e-01
5.112508428402435801e-01
5.084700549260163793e-01
5.091946452091902220e-01
5.047120068317804131e-01
5.078486858270107041e-01
5.116106345103337283e-01
5.022678320224468473e-01
5.166013032962114560e-01
5.043923899149282963e-01
5.080074897179236437e-01
5.086575350700280884e-01
5.067943391127464059e-01
5.086327403019635929e-01
5.058588275542625912e-01
5.081458333211067435e-01
5.102564582457909115e-01
5.136134841503241510e-01
5.071336017205164692e-01
5.055635362099378805e-01
5.070789894996545755e-01
5.050461941804641475e-01
5.088173970198019980e-01
5.048859466344882696e-01
5.073444745479486206e-01
5.065526375403770487e-01
5.070096873320065756e-01
5.092953331959553243e-01
5.066672447400215606e-01
5.099315487421476334e-01
5.107999408856416235e-01
5.072743752063848532e-01
5.045309373965629618e-01
5.066220757288810717e-01
5.063848581069555488e-01
5.081627685290116547e-01
5.096254588701786270e-01
5.049263193057134114e-01
5.101538552687718830e-01
5.070045286264175388e-01
5.090228328338035624e-01
5.078231759560414282e-01
5.041803428759941141e-01
5.070684576645875241e-01
5.072312471194144745e-01
5.088625504420354329e-01
5.045309542081295451e-01
5.068717409402896390e-01
5.125129997730255571e-01
5.100700948482904673e-01
5.064848022583203768e-01
5.043984686717009058e-01
5.050696799388298963e-01
5.083366770010727675e-01
5.092253906604571334e-01
5.072013763281014720e-01
5.039611240228016875e-01
5.051276706732236166e-01
5.095873025747446050e-01
5.062785015656398047e-01
5.116107714481842317e-01
5.067193285012856485e-01
5.066612211557535161e-01
5.104165045114663624e-01
5.039650162061055649e-01
5.117261172869266295e-01
5.023115025116846599e-01
5.019105851650238481e-01
5.134870558212965008e-01
5.045284686944423447e-01
5.115557100528326240e-01
5.120777859137608523e-01
5.049168210763197440e-01
5.048385577324109308e-01
5.105021932186224465e-01
5.093615123858818983e-01
5.036543630636655111e-01
5.077792587952736358e-01
5.025108918165549499e-01
5.083678457981500864e-01
5.075416560356433848e-01
5.078814119864732968e-01
5.092466105253268260e-01
5.094369669755299812e-01
5.109129375372177817e-01
5.131881259954892416e-01
5.084990683274391854e-01
5.107051123411227023e-01
5.062854632353170903e-01
5.100544694142463698e-01
5.047999048844361569e-01
5.023165380343412867e-01
5.076171693129417628e-01
5.081795071944211761e-01
5.103384042397524079e-01
5.086033717179909708e-01
5.041083051608159504e-01
5.122828307824257577e-01
5.028115831888638754e-01
5.078846608981107957e-01
5.091328784441336852e-01
5.095240744260641774e-01
5.076390286286671660e-01
5.098437076959854153e-01
5.039947043626736845e-01
5.077636675956921364e-01
5.101155571448496850e-01
5.026146307969704408e-01
5.083832271588154539e-01
5.081836322943369399e-01
5.045134133253341702e-01
5.113261809715857753e-01
5.079503117463527451e-01
5.076773842175801299e-01
5.056340715824029219e-01
5.149350118942749299e-01
5.068390746911366485e-01
5.066510963134276402e-01
5.051363153335375333e-01
5.108674533856221167e-01
5.053234111040066923e-01
5.038972568817627895e-01
5.072824620283566954e-01
5.098977127136328225e-01
5.149055386200929174e-01
5.070190414404257551e-01
5.105900302911415833e-01
5.100745888856741406e-01
5.021491738466116184e-01
5.105232185278183454e-01
5.069243421921363346e-01
5.046100755532582083e-01
5.156117494289691461e-01
5.071688541999229694e-01
5.038301830108349311e-01
5.051429542211386403e-01
5.101691314807305089e-01
5.091547076518718740e-01
5.059457911894871263e-01
5.041255509242033028e-01
5.115415461552448306e-01
5.064393899379632247e-01
5.083961720650013172e-01
5.097733762019719395e-01
5.074759909739861019e-01
5.097876218649056712e-01
5.072411836721958389e-01
5.065973323125105843e-01
5.087777166794508199e-01
5.082351342225686075e-01
5.093012595788026786e-01
5.105671054277665100e-01
5.069033816838875994e-01
5.081955649913885154e-01
5.065031140278547506e-01
5.112856895495683229e-01
5.055172843810838978e-01
5.050240842195657942e-01
5.057979516493968930e-01
5.057495500796880261e-01
5.038110991319020293e-01
5.088479471512329377e-01
5.076452516592465658e-01
5.068150011392740240e-01
5.090571862000685677e-01
5.102228957873123916e-01
5.073860489405118690e-01
5.084308093939071682e-01
5.082641552656125272e-01
5.081734055127853367e-01
5.053034028945825318e-01
5.093675261888748196e-01
5.079635743911449230e-01
5.052938109789139043e-01
5.065164203827198230e-01
5.045145233472188018e-01
5.074866603582333102e-01
5.082866291205088149e-01
5.078086944726797336e-01
5.131363549293616044e-01
5.032522427730071746e-01
5.035595158735911570e-01
5.116640266699669093e-01
5.112035907231844423e-01
5.110745425407703380e-01
5.080488826984014272e-01
5.051964185176751609e-01
5.100125653621477850e-01
5.051895649005204714e-01
5.089480702693646164e-01
5.087627502588125683e-01
5.056313892205556160e-01
5.035537209266270908e-01
5.083028090305817814e-01
5.065542861437186684e-01
5.068836612579149525e-01
5.085675913553971972e-01
5.056900533346029292e-01
5.060100613496242294e-01
5.054918246391492120e-01
5.097095020306415813e-01
5.090383115487221444e-01
5.050645108406360828e-01
5.145144918026067771e-01
5.064960708984962423e-01
5.079709589481353760e-01
5.079968426472101228e-01
5.078688040757790567e-01
5.041648459740174504e-01
5.128701741878802789e-01
5.040453854279640655e-01
5.098930785289177425e-01
5.086548241285177019e-01
5.090799247607206146e-01
5.085352035669180593e-01
5.076845931701171599e-01
5.081011014106946444e-01
5.082171840545458563e-01
5.070934003744369534e-01
5.078416465184627526e-01
5.060250568084228018e-01
5.046049532217856681e-01
5.081096614018464352e-01
5.123583668317550632e-01
5.071464313910557520e-01
5.097726905957246091e-01
5.102020436372511902e-01
5.032880469774588805e-01
5.065559726495009185e-01
5.037470739621382476e-01
5.085498533187768899e-01
5.102864525257012618e-01
5.033531542007739779e-01
5.086803515752156279e-01
5.094366775109218093e-01
5.093060560715504392e-01
5.059868218042911092e-01
5.083836045020665440e-01
5.064162200842148298e-01
5.063237288059332375e-01
5.050918646347828389e-01
5.111856909898611079e-01
5.073071857293446341e-01
5.119373096869541673e-01
5.072835384271083825e-01
5.081077843140333616e-01
5.031582117080688477e-01
5.097646861504285809e-01
5.065760267086517610e-01
5.026029958174779155e-01
5.038232078919043788e-01
5.103901039331387723e-01
5.023637904570652513e-01
5.061826255076971037e-01
5.047190201588166447e-01
5.051773645938970603e-01
5.096515392645811771e-01
5.115842482982537742e-01
5.106913444323417650e-01
5.073078895226502683e-01
5.073754432873848197e-01
5.007834912874760125e-01
5.083961251454475194e-01
5.060668930029257329e-01
5.055970986684162893e-01
5.078649092943240406e-01
5.138020374836065329e-01
5.059226188904200061e-01
5.088747483033400076e-01
5.084764922276521215e-01
5.004829611533727629e-01
5.071919404543363541e-01
5.120042913999313106e-01
5.025203160750559839e-01
5.074675977230072021e-01
5.072457131667015284e-01
5.064043873395674966e-01
5.074195933647644985e-01
5.081300438978733069e-01
5.119941158172411910e-01
5.059452409927661654e-01
5.060315641073079851e-01
5.087392158997364744e-01
5.054409451973743694e-01
5.055440329588376525e-01
5.057010147816095591e-01
5.073810429145128031e-01
5.053162894187829268e-01
5.086891275185805306e-01
5.100116222332685689e-01
5.063221122974004285e-01
5.081473049445029977e-01
5.060509742834629066e-01
5.074875513712565622e-01
5.036912555877979258e-01
5.086465320526025735e-01
5.099830705385941521e-01
5.094630747269361937e-01
5.090038296503898163e-01
5.058319778014451762e-01
5.061829198629428372e-01
5.075653970241547075e-01
5.081576576599707851e-01
5.096086081786033173e-01
5.043449831314575915e-01
5.090192184998438840e-01
5.101136199938944848e-01
5.078112452458112269e-01
5.040225530282045341e-01
5.079949421760363570e-01
5.081394242934691441e-01
5.074023697620783091e-01
5.095943505947406749e-01
5.046417658145611052e-01
5.078347131227836098e-01
5.028575825385558362e-01
5.064163023080581194e-01
5.068322646312224400e-01
5.101752906273573362e-01
5.094546363903925679e-01
5.106318663328122121e-01
5.055984221971951964e-01
5.114563790651468489e-01
5.008438076728429778e-01
5.113597859174777716e-01
5.082600723474454130e-01
5.073027300528990535e-01
5.034741151027189998e-01
5.080461532641680211e-01
5.085014433432848424e-01
5.036300756992437844e-01
5.065478705442868490e-01
5.078332983530484679e-01
5.121953815985949010e-01
5.097719102333753138e-01
5.103316495051750667e-01
5.110528536331959693e-01
5.099097670652927849e-01
5.088199791235801239e-01
5.036832103362449686e-01
5.132116689131810405e-01
5.042352335575299715e-01
5.059024123045113841e-01
5.117465784916510607e-01
5.042492620455912844e-01
5.098387360572814719e-01
5.097837866880954305e-01
5.076109676789014591e-01
5.051673406209701289e-01
5.086324129349145684e-01
5.017028001638559331e-01
5.094589398457454177e-01
5.122671709610865376e-01
5.060698007925962250e-01
5.098159068670028438e-01
5.095406463513008077e-01
5.043002065939781176e-01
5.057838792984302723e-01
5.108344551844474779e-01
5.034331176525507212e-01
5.112930892369685898e-01
5.091191880213908894e-01
5.054225654174120397e-01
5.114887725084256154e-01
5.057640051230406497e-01
5.065970732615544536e-01
5.073505661426446212e-01
