1.092923204409770532e+00
9.030429647519038205e-01
8.192231104924128093e-01
7.661093497887635495e-01
7.320943951606750932e-01
6.983568870104276405e-01
6.838905603457720028e-01
6.618688274652529957e-01
6.544869205890557762e-01
6.433435577612657275e-01
6.333706999436402585e-01
6.286137024561564424e-01
6.254720849868579124e-01
6.147225046769166923e-01
6.161945309394445403e-01
6.139971415201822547e-01
6.116395384837419735e-01
6.060793225581829757e-01
5.995975252909537812e-01
6.045551492617680100e-01
5.945009011488694428e-01
5.950824963740813933e-01
5.953920251283890686e-01
5.906065283677517375e-01
5.917892856475633900e-01
5.891159130976750813e-01
5.821258765000563162e-01
5.861524242621202196e-01
5.830499043831458561e-01
5.749079025708712098e-01
5.776793397389925477e-01
5.704537495588645202e-01
5.734153787295023230e-01
5.711995442708333037e-01
5.731025539911710487e-01
5.647872606913248994e-01
5.716580314513964867e-01
5.667354229169013768e-01
5.664650849806956989e-01
5.666319177700922527e-01
5.647648358956361969e-01
5.640320359132229289e-01
5.584800576552366724e-01
5.556390979351141235e-01
5.596400866141686414e-01
5.554514921628511681e-01
5.540908263279841206e-01
