5.283253205128205510e-01
5.562099358974359475e-01
5.713541666666667185e-01
5.835737179487179294e-01
6.070913461538461897e-01
6.142227564102563653e-01
6.252403846153846700e-01
6.328125000000000000e-01
6.417868589743589425e-01
6.418669871794872028e-01
6.528445512820513219e-01
6.557291666666666963e-01
6.586538461538461453e-01
6.681089743589743168e-01
6.649038461538461231e-01
6.674679487179486781e-01
6.705128205128204621e-01
6.816907051282051766e-01
6.820913461538461453e-01
6.779246794871794934e-01
6.844551282051282159e-01
6.856169871794871584e-01
6.838541666666666519e-01
6.874198717948717396e-01
6.898237179487179960e-01
6.989182692307692735e-01
7.001201923076922906e-01
6.961939102564103088e-01
6.997596153846153966e-01
7.038461538461538991e-01
7.056089743589744057e-01
7.057692307692308153e-01
7.041266025641025328e-01
7.062900641025641191e-01
7.050480769230769162e-01
7.128205128205128416e-01
7.125801282051281715e-01
7.141826923076922684e-01
7.130208333333333259e-01
7.165464743589743390e-01
7.157852564102563653e-01
7.150641025641025772e-01
7.204727564102564319e-01
7.226762820512820928e-01
7.186698717948717396e-01
7.252804487179487225e-01
7.209935897435897356e-01
