7.622596153846153966e-01
7.640224358974359031e-01
7.637419871794871584e-01
7.642227564102563875e-01
7.616586538461538325e-01
7.627804487179487003e-01
7.648637820512820262e-01
7.630208333333333703e-01
7.642227564102563875e-01
7.670673076923076872e-01
7.598157051282051766e-01
7.644230769230768718e-01
7.624599358974358809e-01
7.679487179487179960e-01
7.631810897435897800e-01
7.592548076923076872e-01
7.630608974358974450e-01
7.631810897435897800e-01
7.648637820512820262e-01
7.651842948717948456e-01
7.647035256410256165e-01
7.633012820512820040e-01
7.631009615384615197e-01
7.590144230769231282e-01
7.600160256410256610e-01
7.647836538461538769e-01
7.643429487179487225e-01
7.626201923076922906e-01
7.663862179487179738e-01
7.599358974358974006e-01
7.627403846153846256e-01
7.639423076923076428e-01
7.628605769230769607e-01
7.637019230769230838e-01
7.629006410256410353e-01
7.679086538461538103e-01
7.586538461538461231e-01
7.641426282051282382e-01
7.622596153846153966e-01
7.620993589743589869e-01
7.610576923076922684e-01
7.618589743589743168e-01
7.651442307692307709e-01
7.612580128205128638e-01
7.648637820512820262e-01
7.637019230769230838e-01
7.662660256410256387e-01
7.615384615384614975e-01
7.649839743589743613e-01
7.601362179487179960e-01
7.659455128205128194e-01
7.587740384615384581e-01
7.625400641025641413e-01
7.627003205128205510e-01
7.622596153846153966e-01
7.632211538461538547e-01
7.620192307692307265e-01
7.630608974358974450e-01
7.637019230769230838e-01
7.642628205128204621e-01
7.616185897435897578e-01
7.634615384615384137e-01
7.620592948717949122e-01
7.647836538461538769e-01
7.606169871794872250e-01
7.655448717948717396e-01
7.627804487179487003e-01
7.584535256410256387e-01
7.608573717948717841e-01
7.628605769230769607e-01
7.653445512820512553e-01
7.659455128205128194e-01
7.581730769230768940e-01
7.631009615384615197e-01
7.630608974358974450e-01
7.649839743589743613e-01
7.668269230769231282e-01
7.649038461538461009e-01
7.608573717948717841e-01
7.603365384615384803e-01
7.621794871794871362e-01
7.645032051282051322e-01
7.619391025641025772e-01
7.609375000000000444e-01
7.642227564102563875e-01
7.631810897435897800e-01
7.624599358974358809e-01
7.602964743589744057e-01
7.643830128205127972e-01
7.607772435897436347e-01
7.617788461538461675e-01
7.624198717948718063e-01
7.581730769230768940e-01
7.617788461538461675e-01
7.627804487179487003e-01
7.616586538461538325e-01
7.631410256410255943e-01
7.596955128205128416e-01
7.580128205128204844e-01
7.640624999999999778e-01
7.618189102564102422e-01
7.593750000000000222e-01
7.655849358974359253e-01
7.586939102564103088e-01
7.612980769230769384e-01
7.663461538461538991e-01
7.626201923076922906e-01
7.614583333333333481e-01
7.650641025641025106e-01
7.647836538461538769e-01
7.660256410256410797e-01
7.614182692307692735e-01
7.621794871794871362e-01
7.649439102564102866e-01
7.626602564102563653e-01
7.615384615384614975e-01
7.653846153846153300e-01
7.593750000000000222e-01
7.663461538461538991e-01
7.611778846153846034e-01
7.623397435897435459e-01
7.684695512820512997e-01
7.627804487179487003e-01
7.650240384615384359e-01
7.654246794871795156e-01
7.620592948717949122e-01
7.635416666666666741e-01
7.631410256410255943e-01
7.690304487179486781e-01
7.615785256410256832e-01
7.631410256410255943e-01
7.662660256410256387e-01
7.646634615384615419e-01
7.638621794871794934e-01
7.634615384615384137e-01
7.601762820512820706e-01
7.613381410256410131e-01
7.629807692307691847e-01
7.625801282051282159e-01
7.613381410256410131e-01
7.613782051282050878e-01
7.639022435897435681e-01
7.648237179487179516e-01
7.631009615384615197e-01
7.610576923076922684e-01
7.628205128205127750e-01
7.633413461538461897e-01
7.642628205128204621e-01
7.607371794871794490e-01
7.614583333333333481e-01
7.619791666666666519e-01
7.598958333333333259e-01
7.643830128205127972e-01
7.583733974358974894e-01
7.632612179487179294e-01
7.629807692307691847e-01
7.639823717948718285e-01
7.674278846153845812e-01
7.620192307692307265e-01
7.673878205128205066e-01
7.666266025641025328e-01
7.644230769230768718e-01
7.651842948717948456e-01
7.631009615384615197e-01
7.669471153846153522e-01
7.640224358974359031e-01
7.617387820512820928e-01
7.669471153846153522e-01
7.644230769230768718e-01
7.651842948717948456e-01
7.678685897435897356e-01
7.639022435897435681e-01
7.644631410256410575e-01
7.641426282051282382e-01
7.602163461538461453e-01
7.586939102564103088e-01
7.654647435897435903e-01
7.633814102564102644e-01
7.652243589743589203e-01
7.623397435897435459e-01
7.669471153846153522e-01
7.635016025641025994e-01
7.632211538461538547e-01
7.600560897435897356e-01
7.645432692307692069e-01
7.584535256410256387e-01
7.658253205128204844e-01
7.636618589743590091e-01
7.612980769230769384e-01
7.583733974358974894e-01
7.639823717948718285e-01
7.631009615384615197e-01
7.615785256410256832e-01
7.670272435897436125e-01
7.668269230769231282e-01
7.651041666666666963e-01
7.628605769230769607e-01
7.584935897435897134e-01
7.652243589743589203e-01
7.594150641025640969e-01
7.615785256410256832e-01
7.616586538461538325e-01
7.625801282051282159e-01
7.602964743589744057e-01
7.602163461538461453e-01
7.645833333333332815e-01
7.602964743589744057e-01
7.663862179487179738e-01
7.606169871794872250e-01
7.627003205128205510e-01
7.617788461538461675e-01
7.661057692307692291e-01
7.641426282051282382e-01
7.655048076923076650e-01
7.618990384615385025e-01
7.633012820512820040e-01
7.641025641025640525e-01
7.615785256410256832e-01
7.602964743589744057e-01
7.624198717948718063e-01
7.631410256410255943e-01
7.623397435897435459e-01
7.624599358974358809e-01
7.623798076923077316e-01
7.627804487179487003e-01
7.625400641025641413e-01
7.663060897435897134e-01
7.633012820512820040e-01
7.647435897435896912e-01
7.620993589743589869e-01
7.633012820512820040e-01
7.657852564102564097e-01
7.631009615384615197e-01
7.610576923076922684e-01
7.647836538461538769e-01
7.648237179487179516e-01
7.614182692307692735e-01
7.663862179487179738e-01
7.679086538461538103e-01
7.631410256410255943e-01
7.657852564102564097e-01
7.638621794871794934e-01
7.596955128205128416e-01
7.626201923076922906e-01
7.645032051282051322e-01
7.615785256410256832e-01
7.630608974358974450e-01
7.673076923076923572e-01
7.639823717948718285e-01
7.602163461538461453e-01
7.628205128205127750e-01
7.594951923076923572e-01
7.654647435897435903e-01
7.603766025641025550e-01
7.617788461538461675e-01
7.630608974358974450e-01
7.627003205128205510e-01
7.591346153846153522e-01
7.622596153846153966e-01
7.644230769230768718e-01
7.610176282051281937e-01
7.647836538461538769e-01
7.659054487179487447e-01
7.620592948717949122e-01
7.620192307692307265e-01
7.661057692307692291e-01
7.630208333333333703e-01
7.633012820512820040e-01
7.635416666666666741e-01
7.649439102564102866e-01
7.651842948717948456e-01
7.635416666666666741e-01
7.605769230769230393e-01
7.611378205128205288e-01
7.624999999999999556e-01
7.664262820512820484e-01
7.631810897435897800e-01
7.600560897435897356e-01
7.639022435897435681e-01
7.654246794871795156e-01
7.617788461538461675e-01
7.635016025641025994e-01
7.639823717948718285e-01
7.629006410256410353e-01
7.604967948717948900e-01
7.591346153846153522e-01
7.630608974358974450e-01
7.623798076923077316e-01
7.600560897435897356e-01
7.610977564102564541e-01
7.632612179487179294e-01
7.672676282051281715e-01
7.641025641025640525e-01
7.620592948717949122e-01
7.652243589743589203e-01
7.692708333333333481e-01
7.672676282051281715e-01
7.599759615384615863e-01
7.605368589743589647e-01
7.713141025641025994e-01
7.608974358974358587e-01
7.655048076923076650e-01
7.662660256410256387e-01
7.622596153846153966e-01
7.668269230769231282e-01
7.648237179487179516e-01
7.663060897435897134e-01
7.601762820512820706e-01
7.646233974358974672e-01
7.623798076923077316e-01
7.630208333333333703e-01
7.627403846153846256e-01
7.629807692307691847e-01
7.666666666666667185e-01
7.633012820512820040e-01
7.620592948717949122e-01
7.656250000000000000e-01
7.655048076923076650e-01
7.645432692307692069e-01
7.622195512820513219e-01
7.627003205128205510e-01
7.693509615384614975e-01
7.675080128205128416e-01
7.604166666666666297e-01
7.632612179487179294e-01
7.633413461538461897e-01
7.612179487179486781e-01
7.605368589743589647e-01
7.634214743589743390e-01
7.633413461538461897e-01
7.614983974358974228e-01
7.626201923076922906e-01
7.621394230769230616e-01
7.652243589743589203e-01
7.601762820512820706e-01
7.621394230769230616e-01
7.647035256410256165e-01
7.629807692307691847e-01
7.598157051282051766e-01
7.620993589743589869e-01
7.618990384615385025e-01
7.623798076923077316e-01
7.622596153846153966e-01
7.639022435897435681e-01
7.630608974358974450e-01
7.608974358974358587e-01
7.636618589743590091e-01
7.630208333333333703e-01
7.623798076923077316e-01
7.674679487179487669e-01
7.597355769230769162e-01
7.641025641025640525e-01
7.653044871794871806e-01
7.656250000000000000e-01
7.645032051282051322e-01
7.648637820512820262e-01
7.637820512820512331e-01
7.647035256410256165e-01
7.625801282051282159e-01
7.617387820512820928e-01
7.632612179487179294e-01
7.589743589743589425e-01
7.643028846153846478e-01
7.646634615384615419e-01
7.647836538461538769e-01
7.671474358974359475e-01
7.637019230769230838e-01
7.644631410256410575e-01
7.619391025641025772e-01
7.634214743589743390e-01
7.641025641025640525e-01
7.620192307692307265e-01
7.668269230769231282e-01
7.633814102564102644e-01
7.613782051282050878e-01
7.646634615384615419e-01
7.651442307692307709e-01
7.633012820512820040e-01
7.650641025641025106e-01
7.605368589743589647e-01
7.598958333333333259e-01
7.638221153846154188e-01
7.610576923076922684e-01
7.609775641025641191e-01
7.613782051282050878e-01
7.621394230769230616e-01
7.629407051282051100e-01
7.629006410256410353e-01
7.604166666666666297e-01
7.617387820512820928e-01
7.639022435897435681e-01
7.620192307692307265e-01
7.622195512820513219e-01
7.625400641025641413e-01
7.637019230769230838e-01
7.643830128205127972e-01
7.623397435897435459e-01
7.641025641025640525e-01
7.632612179487179294e-01
7.641025641025640525e-01
7.641826923076923128e-01
7.651041666666666963e-01
7.609375000000000444e-01
7.601762820512820706e-01
7.616987179487179072e-01
7.645432692307692069e-01
7.610176282051281937e-01
7.602564102564102200e-01
7.625400641025641413e-01
7.622596153846153966e-01
7.648237179487179516e-01
7.696714743589743168e-01
7.627804487179487003e-01
7.627003205128205510e-01
7.629807692307691847e-01
7.617788461538461675e-01
7.644230769230768718e-01
7.629807692307691847e-01
7.621794871794871362e-01
7.672275641025640969e-01
7.610176282051281937e-01
7.658653846153846700e-01
7.627003205128205510e-01
7.649839743589743613e-01
7.633413461538461897e-01
7.679887820512820706e-01
7.640624999999999778e-01
7.635416666666666741e-01
7.590945512820512775e-01
7.627003205128205510e-01
7.638621794871794934e-01
7.637820512820512331e-01
7.604567307692308153e-01
7.616586538461538325e-01
7.598557692307692513e-01
7.682692307692308153e-01
7.620192307692307265e-01
7.607371794871794490e-01
7.647435897435896912e-01
7.605368589743589647e-01
7.635817307692307487e-01
7.622596153846153966e-01
7.634615384615384137e-01
7.675080128205128416e-01
7.652243589743589203e-01
7.612179487179486781e-01
7.604567307692308153e-01
7.628605769230769607e-01
7.657051282051282604e-01
7.651041666666666963e-01
7.631410256410255943e-01
7.642628205128204621e-01
7.624599358974358809e-01
7.650240384615384359e-01
7.656250000000000000e-01
7.626201923076922906e-01
7.638621794871794934e-01
7.639423076923076428e-01
7.653445512820512553e-01
7.647035256410256165e-01
7.599358974358974006e-01
7.644230769230768718e-01
7.610576923076922684e-01
7.649038461538461009e-01
7.667067307692307931e-01
7.614983974358974228e-01
7.634615384615384137e-01
7.631009615384615197e-01
7.641826923076923128e-01
7.635416666666666741e-01
7.673878205128205066e-01
7.652644230769231060e-01
7.670673076923076872e-01
7.655849358974359253e-01
7.605368589743589647e-01
7.643028846153846478e-01
7.659855769230768940e-01
7.637820512820512331e-01
7.638621794871794934e-01
7.622596153846153966e-01
7.701121794871794712e-01
7.612179487179486781e-01
7.619791666666666519e-01
7.661858974358974894e-01
7.646233974358974672e-01
7.635016025641025994e-01
7.681891025641025550e-01
7.635817307692307487e-01
7.634214743589743390e-01
7.634615384615384137e-01
7.628205128205127750e-01
7.619791666666666519e-01
7.598958333333333259e-01
7.624999999999999556e-01
7.604967948717948900e-01
7.631810897435897800e-01
7.598157051282051766e-01
7.653445512820512553e-01
7.611378205128205288e-01
7.629407051282051100e-01
7.633814102564102644e-01
7.603365384615384803e-01
7.622596153846153966e-01
7.660657051282051544e-01
7.633413461538461897e-01
7.641025641025640525e-01
7.618189102564102422e-01
7.651442307692307709e-01
7.586538461538461231e-01
7.611778846153846034e-01
7.600560897435897356e-01
7.639022435897435681e-01
7.656250000000000000e-01
7.595753205128205066e-01
7.667868589743589425e-01
7.642628205128204621e-01
7.613381410256410131e-01
7.616185897435897578e-01
7.642227564102563875e-01
7.635416666666666741e-01
7.651842948717948456e-01
7.609375000000000444e-01
7.681089743589744057e-01
7.621794871794871362e-01
7.629407051282051100e-01
7.643830128205127972e-01
7.656650641025640747e-01
7.598557692307692513e-01
7.597756410256409909e-01
7.633413461538461897e-01
7.632612179487179294e-01
7.631410256410255943e-01
7.622596153846153966e-01
7.647836538461538769e-01
7.612179487179486781e-01
7.619791666666666519e-01
7.643429487179487225e-01
7.622996794871794712e-01
7.579727564102564097e-01
7.612580128205128638e-01
7.657051282051282604e-01
7.673878205128205066e-01
7.608974358974358587e-01
7.639823717948718285e-01
7.602163461538461453e-01
7.616586538461538325e-01
7.632211538461538547e-01
7.629006410256410353e-01
7.594951923076923572e-01
7.686298076923077094e-01
7.604567307692308153e-01
7.625801282051282159e-01
7.612580128205128638e-01
7.653846153846153300e-01
7.612179487179486781e-01
7.651041666666666963e-01
7.596554487179487669e-01
7.636618589743590091e-01
7.617387820512820928e-01
7.633413461538461897e-01
7.629006410256410353e-01
7.612980769230769384e-01
7.649038461538461009e-01
7.618990384615385025e-01
7.641025641025640525e-01
7.610176282051281937e-01
7.643028846153846478e-01
7.664262820512820484e-01
7.617387820512820928e-01
7.652644230769231060e-01
7.607772435897436347e-01
7.638621794871794934e-01
7.613381410256410131e-01
7.626201923076922906e-01
7.643429487179487225e-01
7.629407051282051100e-01
7.624999999999999556e-01
7.658253205128204844e-01
7.677483974358974006e-01
7.621394230769230616e-01
7.669471153846153522e-01
7.602564102564102200e-01
7.669871794871795379e-01
7.602564102564102200e-01
7.633814102564102644e-01
7.634214743589743390e-01
7.658653846153846700e-01
7.632211538461538547e-01
7.590945512820512775e-01
7.638221153846154188e-01
7.621794871794871362e-01
7.629006410256410353e-01
7.629407051282051100e-01
7.618189102564102422e-01
7.643429487179487225e-01
7.613381410256410131e-01
7.622195512820513219e-01
7.622195512820513219e-01
7.604166666666666297e-01
7.622596153846153966e-01
7.651041666666666963e-01
7.629807692307691847e-01
7.696714743589743168e-01
7.599759615384615863e-01
7.649439102564102866e-01
7.656650641025640747e-01
7.637019230769230838e-01
7.610176282051281937e-01
7.616586538461538325e-01
7.589743589743589425e-01
7.638621794871794934e-01
7.635016025641025994e-01
7.627003205128205510e-01
7.609775641025641191e-01
7.651842948717948456e-01
7.624599358974358809e-01
7.643429487179487225e-01
7.641426282051282382e-01
7.633012820512820040e-01
7.638221153846154188e-01
7.619791666666666519e-01
7.585336538461538991e-01
7.612580128205128638e-01
7.622195512820513219e-01
7.645432692307692069e-01
7.649839743589743613e-01
7.669871794871795379e-01
7.652243589743589203e-01
7.584134615384615641e-01
7.661858974358974894e-01
7.641025641025640525e-01
7.638221153846154188e-01
7.604166666666666297e-01
7.625801282051282159e-01
7.620993589743589869e-01
7.675881410256409909e-01
7.583733974358974894e-01
7.633012820512820040e-01
7.632211538461538547e-01
7.620192307692307265e-01
7.651041666666666963e-01
7.642227564102563875e-01
7.612179487179486781e-01
7.587740384615384581e-01
7.632211538461538547e-01
7.627403846153846256e-01
7.614983974358974228e-01
7.639423076923076428e-01
7.625400641025641413e-01
7.622195512820513219e-01
7.669871794871795379e-01
7.635016025641025994e-01
7.605368589743589647e-01
7.638621794871794934e-01
7.650240384615384359e-01
7.576522435897435903e-01
7.634214743589743390e-01
7.626201923076922906e-01
7.647035256410256165e-01
7.666666666666667185e-01
7.668669871794872028e-01
7.606971153846153744e-01
7.674679487179487669e-01
7.601362179487179960e-01
7.683092948717948900e-01
7.563701923076923128e-01
7.641826923076923128e-01
7.668669871794872028e-01
7.602564102564102200e-01
7.643830128205127972e-01
7.586137820512820484e-01
7.632612179487179294e-01
7.642227564102563875e-01
7.649839743589743613e-01
7.667868589743589425e-01
7.625400641025641413e-01
7.624999999999999556e-01
7.652243589743589203e-01
7.644230769230768718e-01
7.572115384615384359e-01
7.604967948717948900e-01
7.621794871794871362e-01
7.617788461538461675e-01
7.664262820512820484e-01
7.629006410256410353e-01
7.641025641025640525e-01
7.614983974358974228e-01
7.618189102564102422e-01
7.655849358974359253e-01
7.627003205128205510e-01
7.658253205128204844e-01
7.650641025641025106e-01
7.652243589743589203e-01
7.626201923076922906e-01
7.605368589743589647e-01
7.637419871794871584e-01
7.627804487179487003e-01
7.617788461538461675e-01
7.617387820512820928e-01
7.601362179487179960e-01
7.670673076923076872e-01
7.651041666666666963e-01
7.610576923076922684e-01
7.646233974358974672e-01
7.623397435897435459e-01
7.599358974358974006e-01
7.622996794871794712e-01
7.597355769230769162e-01
7.674278846153845812e-01
7.576121794871795156e-01
7.655849358974359253e-01
7.644230769230768718e-01
7.600160256410256610e-01
7.607371794871794490e-01
7.635416666666666741e-01
7.610576923076922684e-01
7.624198717948718063e-01
7.633814102564102644e-01
7.649839743589743613e-01
7.647035256410256165e-01
7.654246794871795156e-01
7.621394230769230616e-01
7.639423076923076428e-01
7.631009615384615197e-01
7.651442307692307709e-01
7.669070512820512775e-01
7.595352564102564319e-01
7.628605769230769607e-01
7.656650641025640747e-01
7.584935897435897134e-01
7.650641025641025106e-01
7.597756410256409909e-01
7.644631410256410575e-01
7.648237179487179516e-01
7.664663461538461231e-01
7.625400641025641413e-01
7.637419871794871584e-01
7.631009615384615197e-01
7.646634615384615419e-01
7.612580128205128638e-01
7.654647435897435903e-01
7.614182692307692735e-01
7.603365384615384803e-01
7.642628205128204621e-01
7.618990384615385025e-01
7.636618589743590091e-01
7.613782051282050878e-01
7.685496794871794490e-01
7.626201923076922906e-01
7.674679487179487669e-01
7.640224358974359031e-01
7.629407051282051100e-01
7.600560897435897356e-01
7.633814102564102644e-01
7.640224358974359031e-01
7.699118589743589869e-01
7.631810897435897800e-01
7.598958333333333259e-01
7.580929487179487447e-01
7.617387820512820928e-01
7.627403846153846256e-01
7.609775641025641191e-01
7.624198717948718063e-01
7.610977564102564541e-01
7.621394230769230616e-01
7.591746794871795379e-01
7.633012820512820040e-01
7.656650641025640747e-01
7.664262820512820484e-01
7.669070512820512775e-01
7.634615384615384137e-01
7.598157051282051766e-01
7.626201923076922906e-01
7.642227564102563875e-01
7.633814102564102644e-01
7.663060897435897134e-01
7.622996794871794712e-01
7.622596153846153966e-01
7.630608974358974450e-01
7.643028846153846478e-01
7.646634615384615419e-01
7.628205128205127750e-01
7.647435897435896912e-01
7.646233974358974672e-01
7.670272435897436125e-01
7.617788461538461675e-01
7.604567307692308153e-01
7.655048076923076650e-01
7.648237179487179516e-01
7.647836538461538769e-01
7.651041666666666963e-01
7.625400641025641413e-01
7.589342948717948678e-01
7.600560897435897356e-01
7.641025641025640525e-01
7.593349358974359475e-01
7.614182692307692735e-01
7.631009615384615197e-01
7.592548076923076872e-01
7.632612179487179294e-01
7.628605769230769607e-01
7.632211538461538547e-01
7.635416666666666741e-01
7.639022435897435681e-01
7.594551282051281715e-01
7.627003205128205510e-01
7.592147435897436125e-01
7.669471153846153522e-01
7.620993589743589869e-01
7.636618589743590091e-01
7.632211538461538547e-01
7.667067307692307931e-01
7.663060897435897134e-01
7.641826923076923128e-01
7.647836538461538769e-01
7.654647435897435903e-01
7.665464743589743835e-01
7.623397435897435459e-01
7.633413461538461897e-01
7.633814102564102644e-01
7.609775641025641191e-01
7.571314102564102866e-01
7.623397435897435459e-01
7.644230769230768718e-01
7.693910256410256832e-01
7.643028846153846478e-01
7.616987179487179072e-01
7.635416666666666741e-01
7.624198717948718063e-01
7.666266025641025328e-01
7.640624999999999778e-01
7.639823717948718285e-01
7.629807692307691847e-01
7.643429487179487225e-01
7.677083333333333259e-01
7.622195512820513219e-01
7.613381410256410131e-01
7.670673076923076872e-01
7.659855769230768940e-01
7.627804487179487003e-01
7.616586538461538325e-01
7.641826923076923128e-01
7.629006410256410353e-01
7.650240384615384359e-01
7.638621794871794934e-01
7.605769230769230393e-01
7.630208333333333703e-01
7.607772435897436347e-01
7.616586538461538325e-01
7.632211538461538547e-01
7.631810897435897800e-01
7.627003205128205510e-01
7.639823717948718285e-01
7.631810897435897800e-01
7.618189102564102422e-01
7.623397435897435459e-01
7.639423076923076428e-01
7.642227564102563875e-01
7.617387820512820928e-01
7.666666666666667185e-01
7.614983974358974228e-01
7.588942307692307931e-01
7.635817307692307487e-01
7.655849358974359253e-01
7.607371794871794490e-01
7.635016025641025994e-01
7.618990384615385025e-01
7.651842948717948456e-01
7.643429487179487225e-01
7.596153846153845812e-01
7.623397435897435459e-01
7.619791666666666519e-01
7.639823717948718285e-01
7.616185897435897578e-01
7.639823717948718285e-01
7.651842948717948456e-01
7.624999999999999556e-01
7.660256410256410797e-01
7.602163461538461453e-01
7.631009615384615197e-01
7.625801282051282159e-01
7.639022435897435681e-01
7.637820512820512331e-01
7.653044871794871806e-01
7.635416666666666741e-01
7.635416666666666741e-01
7.610576923076922684e-01
7.648637820512820262e-01
7.641025641025640525e-01
7.607772435897436347e-01
7.636618589743590091e-01
7.639423076923076428e-01
7.662259615384615641e-01
7.624999999999999556e-01
7.657051282051282604e-01
7.642628205128204621e-01
7.634615384615384137e-01
7.636217948717948234e-01
7.636618589743590091e-01
7.629807692307691847e-01
7.643028846153846478e-01
7.641426282051282382e-01
7.609375000000000444e-01
7.594150641025640969e-01
7.598557692307692513e-01
7.634615384615384137e-01
7.633012820512820040e-01
7.645833333333332815e-01
7.597355769230769162e-01
7.622596153846153966e-01
7.596955128205128416e-01
7.649439102564102866e-01
7.629807692307691847e-01
7.593349358974359475e-01
7.636618589743590091e-01
7.607371794871794490e-01
7.681089743589744057e-01
7.630608974358974450e-01
7.659855769230768940e-01
7.655048076923076650e-01
7.631810897435897800e-01
7.633413461538461897e-01
7.582131410256410797e-01
7.611378205128205288e-01
7.634214743589743390e-01
7.605769230769230393e-01
7.618189102564102422e-01
7.638621794871794934e-01
7.619391025641025772e-01
7.639823717948718285e-01
7.574118589743589203e-01
7.667467948717948678e-01
7.632211538461538547e-01
7.635416666666666741e-01
7.653044871794871806e-01
7.662660256410256387e-01
7.627003205128205510e-01
7.619791666666666519e-01
7.666266025641025328e-01
7.610176282051281937e-01
7.659855769230768940e-01
7.645432692307692069e-01
7.648637820512820262e-01
7.629807692307691847e-01
7.602964743589744057e-01
7.657852564102564097e-01
7.641426282051282382e-01
7.615785256410256832e-01
7.655048076923076650e-01
7.651442307692307709e-01
7.617387820512820928e-01
7.663461538461538991e-01
7.596554487179487669e-01
7.596554487179487669e-01
7.617387820512820928e-01
7.609375000000000444e-01
7.637820512820512331e-01
7.604166666666666297e-01
7.615785256410256832e-01
7.615785256410256832e-01
7.624599358974358809e-01
7.686298076923077094e-01
7.595352564102564319e-01
7.642227564102563875e-01
7.634214743589743390e-01
7.669871794871795379e-01
7.641826923076923128e-01
7.598557692307692513e-01
7.647035256410256165e-01
7.635016025641025994e-01
7.657852564102564097e-01
7.580528846153846700e-01
7.628605769230769607e-01
7.630208333333333703e-01
7.652644230769231060e-01
7.645833333333332815e-01
7.648237179487179516e-01
7.633012820512820040e-01
7.636618589743590091e-01
7.627403846153846256e-01
7.670673076923076872e-01
7.602564102564102200e-01
7.633814102564102644e-01
7.649439102564102866e-01
7.617788461538461675e-01
7.622596153846153966e-01
7.648237179487179516e-01
7.640224358974359031e-01
7.637419871794871584e-01
7.624999999999999556e-01
7.612980769230769384e-01
7.634615384615384137e-01
7.623798076923077316e-01
7.701121794871794712e-01
7.669070512820512775e-01
7.636618589743590091e-01
7.597355769230769162e-01
7.640224358974359031e-01
7.639423076923076428e-01
7.624999999999999556e-01
