5.079182525475819387e-01
5.051251879105200793e-01
5.064349732337853904e-01
5.029582605912135129e-01
5.130285794918353348e-01
5.098679787073380210e-01
5.084108864649747872e-01
5.111123745258038253e-01
5.057894052603305601e-01
5.025661835303673053e-01
5.101927155103438416e-01
5.074179450670878166e-01
5.078567711206583013e-01
5.017882313483800205e-01
5.078149410394522389e-01
5.099114952943264445e-01
5.144868815556550290e-01
5.082283174380277657e-01
5.060915994338500701e-01
5.088180285233717681e-01
5.050067348357958341e-01
5.094296327004066427e-01
5.086874521695650131e-01
5.105768920519413445e-01
5.083222311276656136e-01
5.035681006235953605e-01
5.084546174758519665e-01
5.061252823242774479e-01
5.080912742859278186e-01
5.111315705837347068e-01
5.080168066880641486e-01
5.083785376487633956e-01
5.062208117582859268e-01
5.054177415676606167e-01
5.111103224448668714e-01
5.067678575332348334e-01
5.120381983426901540e-01
5.088868692899362056e-01
5.079174215977008133e-01
5.082616150379181130e-01
5.080103861979948787e-01
5.104637022201831131e-01
5.082066613894242746e-01
5.053331387348664050e-01
5.060542464256286843e-01
5.124000625732617609e-01
5.068011140212034249e-01
5.089687370336972716e-01
5.051243716325515276e-01
5.125911802817613161e-01
5.038930079875848511e-01
5.118130829089727607e-01
5.082666513247368067e-01
5.050737908253303265e-01
5.089873009767287293e-01
5.080823374100220668e-01
5.087837095444018853e-01
5.088654224689189709e-01
5.070270191400478854e-01
5.073836509998027600e-01
5.086597728423583042e-01
5.101593129145793881e-01
5.078738741385631084e-01
5.068580781802153323e-01
5.068641289686545148e-01
5.065787630203443248e-01
5.081291848268264522e-01
5.106143596844795463e-01
5.102493379360589776e-01
5.068372170130411858e-01
5.055468906194735546e-01
5.064828860454070325e-01
5.129171354648394132e-01
5.101612979020827554e-01
5.070607911317775995e-01
5.089738138211079566e-01
5.027562587689130558e-01
5.081071549501174900e-01
5.106970675480670963e-01
5.122358581958672552e-01
5.126628582294170400e-01
5.054016241660485020e-01
5.105274055248651965e-01
5.104689980164552887e-01
5.074906627337137932e-01
5.065952165004534713e-01
5.074183652034172098e-01
5.119000584651262065e-01
5.086754432091346034e-01
5.060715806789887194e-01
5.067358582447736293e-01
5.094156324863433616e-01
5.107922103160467131e-01
5.112246907674349305e-01
5.092235699678078209e-01
5.090302138756482853e-01
5.067600558965633661e-01
5.128424086631873102e-01
5.111207881034949274e-01
5.116294251038477903e-01
5.095990948187999470e-01
5.115887003067212113e-01
5.073109701657906312e-01
5.156359755075894391e-01
5.066531512981805596e-01
5.053262470624385605e-01
5.089686017770033155e-01
5.064942584587976970e-01
5.033982231066777002e-01
5.060587207476298088e-01
5.057269264490176219e-01
5.082101517762893650e-01
5.063365376912630778e-01
5.110693323306548796e-01
5.089686512947082520e-01
5.068108298839666404e-01
5.066186998135003838e-01
5.083576156542851665e-01
5.067294195676461666e-01
5.094620310343228597e-01
5.017161836990943202e-01
5.045550866004747670e-01
5.102095350241049321e-01
5.056277791659037346e-01
5.059318585273546720e-01
5.094960532127282837e-01
5.075298608877719664e-01
5.068752444707430582e-01
5.033098300298054495e-01
5.093465916621379153e-01
5.072413248893542503e-01
5.072440775541159352e-01
5.052857953768510324e-01
5.083581435374724400e-01
5.070305709655468229e-01
5.118942832335448001e-01
5.089982734276697895e-01
5.083899213717534282e-01
5.102525234222412553e-01
5.072073834064679820e-01
5.115876440818493132e-01
5.078429410090813390e-01
5.062631101180345983e-01
5.072607151972942097e-01
5.121956910842504485e-01
5.093214009052667857e-01
5.117940373909779517e-01
5.058186984979189393e-01
5.080986698468525908e-01
5.129065487629328457e-01
5.078623938254821502e-01
5.111319745198273923e-01
5.071669005430661237e-01
5.116734947913732512e-01
5.072937878278586110e-01
5.088364949593177089e-01
5.074031846645551402e-01
5.054147498729901766e-01
5.093310466179481466e-01
4.999862077908638347e-01
5.062335180930602752e-01
5.084676238206716770e-01
5.075050624517294384e-01
5.084955262832152600e-01
5.063465826022319760e-01
5.040280695144946366e-01
5.079120266131865735e-01
5.063886076976091832e-01
5.074845338479067047e-01
5.073976061283014261e-01
5.042991425746526923e-01
5.053193920697921504e-01
5.077801472101456381e-01
5.051240248557848922e-01
5.120195853404510000e-01
5.119557151427636121e-01
5.064754437177608759e-01
5.078900503806579314e-01
5.026135343771714892e-01
5.074399867118932761e-01
5.036502080085950572e-01
5.072548519342373607e-01
5.082166760395734340e-01
5.110241457437857404e-01
5.058399096513406246e-01
5.097123499100024713e-01
5.047723658573932681e-01
5.073694134369874931e-01
5.081528622370500292e-01
5.128093089812840732e-01
5.090650378129421005e-01
5.038047049290094170e-01
5.058262459742717265e-01
5.073669485556773218e-01
5.022699437080285767e-01
5.088663873000022209e-01
5.069498195097996707e-01
5.121809970109890697e-01
5.043326620872203847e-01
5.088375351367853128e-01
5.075733956618186937e-01
5.070920947270515233e-01
5.082707214049804190e-01
5.113212906397306412e-01
5.105707550660157912e-01
5.049641272960565530e-01
5.119846686338767050e-01
5.027302934573246729e-01
5.067787911647405608e-01
5.096041841384691962e-01
5.088838676611582290e-01
5.038677486089560009e-01
5.091309613142258605e-01
5.067823448242285700e-01
5.046657565312507865e-01
5.067511656345464743e-01
5.040151990376986468e-01
5.101726169769580377e-01
5.094354308568513900e-01
5.102310062983097527e-01
5.075854156261835337e-01
5.086885814483349533e-01
5.069031278292338571e-01
5.110604740106142740e-01
5.081237835761828192e-01
5.090102820824353724e-01
5.067185579202113654e-01
5.067587140278938529e-01
5.076500174326774584e-01
5.096963541629987438e-01
5.088262869761540630e-01
5.045196886246020584e-01
5.059163587215619318e-01
5.083173851172129165e-01
5.045561191363212572e-01
5.070946720930246121e-01
5.098360356612082755e-01
5.042812957213475000e-01
5.037632336983314252e-01
5.082036466170579692e-01
5.043734253981174698e-01
5.080013486055227068e-01
5.133404190723712679e-01
5.084563003136561843e-01
5.068261985595409191e-01
5.103041943831321259e-01
5.050384611655504008e-01
5.035425283969976462e-01
5.059034381157312410e-01
5.094486487217438908e-01
5.095120183932475566e-01
5.143730713770939822e-01
5.049820453692704936e-01
5.114356594207959406e-01
5.120606258893624085e-01
5.076880577283028328e-01
5.069453253195835840e-01
5.102250090012183659e-01
5.097278738633180817e-01
5.045067186538989557e-01
5.101885103262387977e-01
5.066789284730568443e-01
5.023201921047308893e-01
5.092556401705130575e-01
5.060859313377967794e-01
5.057221221618163343e-01
5.077045471240312358e-01
5.082216366743430580e-01
5.073164967390206836e-01
5.075156075832171210e-01
5.099249896330710907e-01
5.057761102150648558e-01
5.138595273861518153e-01
5.107143863653524907e-01
5.071852812400230448e-01
5.068326159929618102e-01
5.066117609158540258e-01
5.083136893235720155e-01
5.087503706797574798e-01
5.070979401087150062e-01
5.092210412025451882e-01
5.087182217683547947e-01
5.042123305491912344e-01
5.074692295147822385e-01
5.126857092747321154e-01
5.107056386959858418e-01
5.075795667293744318e-01
5.083386820096236214e-01
5.098773658275603804e-01
5.066875410385620615e-01
5.058066601936633822e-01
5.061222120737418617e-01
5.058862978067153460e-01
5.090666164190341680e-01
5.068202105852274153e-01
5.020898611117632360e-01
5.042529781659443877e-01
5.101298744861896273e-01
5.110743475265991931e-01
5.019901724962088085e-01
5.090520381927490234e-01
5.037315489389957435e-01
5.058341746146862716e-01
5.082236769871834037e-01
5.062324144901373391e-01
5.074132949878007448e-01
5.035322606563568115e-01
5.110849473720942004e-01
5.051551724091554174e-01
5.077759053462590488e-01
5.105065920414069147e-01
5.091028577242142639e-01
5.060846752081161748e-01
5.019741921852796107e-01
5.077792948637253057e-01
5.095024205171144738e-01
5.075645767725430746e-01
5.070251840811509370e-01
5.046682388354570836e-01
5.051000145765450755e-01
5.065486259949513181e-01
5.049349931570199512e-01
5.051117655558463593e-01
5.093117435773213408e-01
5.056794223112938136e-01
5.053966227250221710e-01
5.105069186442937612e-01
5.070397659754142250e-01
5.091101024395380259e-01
5.102427828006255162e-01
5.075150630412957886e-01
5.107772898979675569e-01
5.097878676194410597e-01
5.063628198244632950e-01
5.095556399761101973e-01
5.079500253383929520e-01
5.083582535768166322e-01
5.073725874607379893e-01
5.110302666823068884e-01
5.103593817124000287e-01
5.101411611605912722e-01
5.069833359657189842e-01
5.053877184024223590e-01
5.094326149194668973e-01
5.066301535337399686e-01
5.072473903497060066e-01
5.072003135314354649e-01
5.066482206185658477e-01
5.127820358826563618e-01
5.035596320262322179e-01
5.098732754206045659e-01
5.045497096501864176e-01
5.070778421866588559e-01
5.035603413215050672e-01
5.079901727346273210e-01
5.067009187661684066e-01
5.098925763215773621e-01
5.055521313960735785e-01
5.098426163196563277e-01
5.093700343217605342e-01
5.055618121073796045e-01
5.094461254584483623e-01
5.078212449183830968e-01
5.040445726651411329e-01
5.079495491125645135e-01
5.067415754000346162e-01
5.086492620981656332e-01
5.079530856548211126e-01
5.098852646656525378e-01
5.057127854762932806e-01
5.035818260449629324e-01
5.100122237816835380e-01
5.047663859831981181e-01
5.102693713628329020e-01
5.077213707642677099e-01
5.065634628136952422e-01
5.073873652861669026e-01
5.097669268265748732e-01
5.048033093794798143e-01
5.124537142423483127e-01
5.085887988408406279e-01
5.046265802322289495e-01
5.129081389842888861e-01
5.098958130066211236e-01
5.098140974839527884e-01
5.058634223082126846e-01
5.064225508616521099e-01
5.044045130411783928e-01
5.082231374887319353e-01
5.062431045067615765e-01
5.049509502374208703e-01
5.074971145544296958e-01
5.093628024443601632e-01
5.063117395608852656e-01
5.040479297821338633e-01
5.042634540643446961e-01
5.078832423075650970e-01
5.052969509210342158e-01
5.050295359049088439e-01
5.106022098125555519e-01
5.079592107198177553e-01
5.073336090797032627e-01
5.074890754161737183e-01
5.082559614609449827e-01
5.079936287341973999e-01
5.094440316542601099e-01
5.121332469658973485e-01
5.077749561040829640e-01
5.098628988632789572e-01
5.101584284733503560e-01
5.068653342051383515e-01
5.000343999801537542e-01
5.100965152948330195e-01
5.081146552012516526e-01
5.067727325818477402e-01
5.103164801230797298e-01
5.085367950109335178e-01
5.060621932531014222e-01
5.100815302286392239e-01
5.047365868702913261e-01
5.073196930763048673e-01
5.052305374390039239e-01
5.068808748171880207e-01
5.085403910050025900e-01
5.036424629199198755e-01
5.078627140094071901e-01
5.053097413136409255e-01
5.046910819334861076e-01
5.109719627942794773e-01
5.086255156076870954e-01
5.073827714492112895e-01
5.054628236171526678e-01
5.082438956468533497e-01
5.092940556697356236e-01
5.104081030075366954e-01
5.022949234033242671e-01
5.065492524550511133e-01
5.093323163497142092e-01
5.063876960522089021e-01
5.078311906411097087e-01
5.066094135626768580e-01
5.067537171718401456e-01
5.052219294584714415e-01
5.029842693072098525e-01
5.079690887377812381e-01
5.123602888523004495e-01
5.137961873641381239e-01
5.050769058557657010e-01
5.048351755509009609e-01
5.062657808646177093e-01
5.086428520007011400e-01
5.106894589387453998e-01
5.110604597971989405e-01
5.062005524451915761e-01
5.054427117873461217e-01
5.093842912942935230e-01
5.085688137091123329e-01
5.083653019024775288e-01
5.050742442791278375e-01
5.089251114771916606e-01
5.089567694908533335e-01
5.094485900340935958e-01
5.079408443891084701e-01
5.068756551314622660e-01
5.023538586420890351e-01
5.081858101563575536e-01
5.101344298093747343e-01
5.085124624081146516e-01
5.046512247660220885e-01
5.087617910825289469e-01
5.026790065643115257e-01
5.074660599231719527e-01
5.009419600168864006e-01
5.062948367534539917e-01
5.127524889432466537e-01
5.087586541970571252e-01
5.051743794710208402e-01
5.035790117887349870e-01
5.050966440102993005e-01
5.077431646677164068e-01
5.031536715152936656e-01
5.099388559659322473e-01
5.043428983443822844e-01
5.022764121874784271e-01
5.038707543642092501e-01
5.049674526239052996e-01
5.033314532194381741e-01
5.083895113223638740e-01
5.085183275051605722e-01
5.063899319905501573e-01
5.083799521128337107e-01
5.089859902858734353e-01
5.116982495173429957e-01
5.101192167172065028e-01
5.073385278383890640e-01
5.075574315511263146e-01
5.080745059710282119e-01
5.051063861602391736e-01
5.105842579633761424e-01
5.083584788518074049e-01
5.062704671651888644e-01
5.089774078283554326e-01
5.056735862524081027e-01
5.056060344744951474e-01
5.090485221300369290e-01
5.056868851184844749e-01
5.089837607664939867e-01
5.069860721245790236e-01
5.128216492824065886e-01
5.071596556749099483e-01
5.071959715623122200e-01
5.086498573804513201e-01
5.034286720630449796e-01
5.121789476810357788e-01
5.026078380071199447e-01
5.023778513456002015e-01
5.083427403217707363e-01
5.100578593902098667e-01
5.041483631500831564e-01
5.067810504864423971e-01
5.064411527071244201e-01
5.059352702055222029e-01
5.056885890471629619e-01
5.109905809928209086e-01
5.061773984860151732e-01
5.083503301327044754e-01
5.060729482235052368e-01
5.086283058692246950e-01
5.151817937692005911e-01
5.079576047567221364e-01
5.044777799875308499e-01
5.064836366054339400e-01
5.090361595153808372e-01
5.074788362551958532e-01
5.080157996752323601e-01
5.076398808222550851e-01
5.058095667606744561e-01
5.094667034271436190e-01
5.105282051440996893e-01
5.115445601634490691e-01
5.081054614140436687e-01
5.040332384598560367e-01
5.072200362498943127e-01
5.077522673668005693e-01
5.110530133430774002e-01
5.080314973990122107e-01
5.057434696417588693e-01
5.077613049592727412e-01
5.168499575211451535e-01
5.033502014783712841e-01
5.141585993461119664e-01
5.091985806440695317e-01
5.063824974573575277e-01
5.065454803980313780e-01
5.105873924035292388e-01
5.052694083788455970e-01
5.079548984001844847e-01
5.081275362234849435e-01
5.094418702981411418e-01
5.124439818736834518e-01
5.057183659993684799e-01
5.065101073338434956e-01
5.066458975657438524e-01
5.090857232228304108e-01
5.045559776134980190e-01
5.104818208095355248e-01
5.073430532064193699e-01
5.059117037516374094e-01
5.079426942727505168e-01
5.048888441843863983e-01
5.109398968708820377e-01
5.063643154425498949e-01
5.090569034600869180e-01
5.097302825022966832e-01
5.074830900400112421e-01
5.067850524034255288e-01
5.091972626172579508e-01
5.069717219242683148e-01
5.012042965644445403e-01
5.106137755589607030e-01
5.046191369875883126e-01
5.095511787976974016e-01
5.023058851559957239e-01
5.082204762177590096e-01
5.110729131943140269e-01
5.069457448445833236e-01
5.071780539475954086e-01
5.051304630744151147e-01
5.107594268444256569e-01
5.061052015194525966e-01
5.076658600415938638e-01
5.109668907446739405e-01
5.074083308378855017e-01
5.094527247624519584e-01
5.081947444341121667e-01
5.085341964012537463e-01
5.115520620957398901e-01
5.088989584873884198e-01
5.090127235803848516e-01
5.087326431885743627e-01
5.051962803571652394e-01
5.080052695213219671e-01
5.027319596363948317e-01
5.117138399527623172e-01
5.044754355381696476e-01
5.029012024402618186e-01
5.090341945489247344e-01
5.096945820710597763e-01
5.079381823539733665e-01
5.096157434659126517e-01
5.062204616192059747e-01
5.066217514184805371e-01
5.076946159203846731e-01
5.114308409201793193e-01
5.046486041484734564e-01
5.107304175694783455e-01
5.073250471017299867e-01
5.078086359378618520e-01
5.084873281992399185e-01
5.108330338429182271e-01
5.084413667519886992e-01
5.126731597460233436e-01
5.123491342251117464e-01
5.092379293380639993e-01
5.061522723772586829e-01
5.035819041423308384e-01
5.079274084323491811e-01
5.035193004669287209e-01
5.109100054471921171e-01
5.033171797410035397e-01
5.066698318872696616e-01
5.076129858310406417e-01
5.087085254681416036e-01
5.106722752253214370e-01
5.099224055424714797e-01
5.018637618957422220e-01
5.096810544148470123e-01
5.064032362057612202e-01
5.096368560424218153e-01
5.108145895676735604e-01
5.055902170829283948e-01
5.089506453428512822e-01
5.077774943449557821e-01
5.093887177797463695e-01
5.082446190027090083e-01
5.075154828719603550e-01
5.078853350419264556e-01
5.073718048059023822e-01
5.066831926504771211e-01
5.070516196581033030e-01
5.021752689129267422e-01
5.072387200135450858e-01
5.088827499976524837e-01
5.047500503368866909e-01
5.045516364085368410e-01
5.123378982910743451e-01
5.087922191008543704e-01
5.069472207472874858e-01
5.060562936159280767e-01
5.016162944145691194e-01
5.045535394778618565e-01
5.101012615057137767e-01
5.027412267831655734e-01
5.086292008558909172e-01
5.037486663231482975e-01
5.117606581785739683e-01
5.111570917643033507e-01
5.125734419394761820e-01
5.138078264701060327e-01
5.071250398953756067e-01
5.097570304687206733e-01
5.101083510961288425e-01
5.085388094950944460e-01
5.071152832263555732e-01
5.029126019049913188e-01
5.103079730119460811e-01
5.112944191847091924e-01
5.040008943814497933e-01
5.041050906364734630e-01
5.099490935985858675e-01
5.082695748561467664e-01
5.092760092172867736e-01
5.088264958980756036e-01
5.029564079565879142e-01
5.086861631809136419e-01
5.069902109794127698e-01
5.081106269970918632e-01
5.114403481666858209e-01
5.087252274537698016e-01
5.097987046608558614e-01
5.049480080604553667e-01
5.059615245232215175e-01
5.046812005532093082e-01
5.066168370919349462e-01
5.114782036879124139e-01
5.047207410518940174e-01
5.085965019005995735e-01
5.128056076856759571e-01
5.107404496425237417e-01
5.107242923516494004e-01
5.058020367072179058e-01
5.058846253615159050e-01
5.110341117932246657e-01
5.048217487640870305e-01
5.087546588518681023e-01
5.086282490155635827e-01
5.078126934858468999e-01
5.081125638423822366e-01
5.057139456272125022e-01
5.130579951481941681e-01
5.060508608818053977e-01
5.090841276523394576e-01
5.066804300516080106e-01
5.122020269051575925e-01
5.040592844669635753e-01
5.085755890760665920e-01
5.079667912079737224e-01
5.057562048618610140e-01
5.062999760493254175e-01
5.070699344842861667e-01
5.076477480240356721e-01
5.111348688602447288e-01
5.070385631842491136e-01
5.072695076465606467e-01
5.052536889528617126e-01
5.084625884508475746e-01
5.117231491284492950e-01
5.101324625504322086e-01
5.068143085027352335e-01
5.120644006973658069e-01
5.061138602403494335e-01
5.100637457309624700e-01
5.056621351303198786e-01
5.072989437824640957e-01
5.053813783022073070e-01
5.114596155973580860e-01
5.058930060802362405e-01
5.106581235543276032e-01
5.052065017895820409e-01
5.097905397415161133e-01
5.057561661952580945e-01
5.095756565913175384e-01
5.101079823114933465e-01
5.082285787814703193e-01
5.089840325025412060e-01
5.058468823249523405e-01
5.117688590135329729e-01
5.000562272010705689e-01
5.101824777248578080e-01
5.023890535036722449e-01
5.124790838131537685e-01
5.086833568719717480e-01
5.102522584108205583e-01
5.081139729573176389e-01
5.083009084065754912e-01
4.998711987947806468e-01
5.079050158843015916e-01
5.100621918837229263e-01
5.127361208964617001e-01
5.082122154724904028e-01
5.088624148796766500e-01
5.114952796544783853e-01
5.089934200812609166e-01
5.098272164662679407e-01
5.076606533466241356e-01
5.081971162404769204e-01
5.099495892341320280e-01
5.087734679381052949e-01
5.092050899297763111e-01
5.041872140688773429e-01
5.095913263467641841e-01
5.101172508337559197e-01
5.071503863884851970e-01
5.065503337444403620e-01
5.071887386150849553e-01
5.063231394841121169e-01
5.110481644288087377e-01
5.084278164765774211e-01
5.085864953505687680e-01
5.077357555047059545e-01
5.075960090527167345e-01
5.059413005144167697e-01
5.043349703152973929e-01
5.031611989705990773e-01
5.024580250947903171e-01
5.090380278917459034e-01
5.109893297537778656e-01
5.038874337306389339e-01
5.074413765699435919e-01
5.045898839449270978e-01
5.071086472425705427e-01
5.064474940299987793e-01
5.081031472255022052e-01
5.087879669971955288e-01
5.057961063507275812e-01
5.088933241673004870e-01
5.136109960384858120e-01
5.067349786941821588e-01
5.127902662142729273e-01
5.069426483068710798e-01
5.103195566397447092e-01
5.082473826714051235e-01
5.057447155316671106e-01
5.048220642102070332e-01
5.126148610542982098e-01
5.084246768401219363e-01
5.072251918988349706e-01
5.044575128799829722e-01
5.095238415094521800e-01
5.089764943489661908e-01
5.064819392485496730e-01
5.077633663629874672e-01
5.045594822137783320e-01
5.061661708049285391e-01
5.062089021389301058e-01
5.100932465149805584e-01
5.058115974450723140e-01
5.048142399543370518e-01
5.081387334909194253e-01
5.091066195414616358e-01
5.080012459021348015e-01
5.123589443854796865e-01
5.120218808834369195e-01
5.051501037218631973e-01
5.026764654196225202e-01
5.088862261711022406e-01
5.102543940910926334e-01
5.097633241078792787e-01
5.042836591219290732e-01
5.033399870762458317e-01
5.072504775646405895e-01
5.059547042235349457e-01
5.106083905085538888e-01
5.068592282441946040e-01
5.068590679229834084e-01
5.071426999874604213e-01
5.095197431552104250e-01
5.046033327396098889e-01
5.095286818651052485e-01
5.079943479635776749e-01
5.104383314267183502e-01
5.074591352389409282e-01
5.088469768181825836e-01
5.081761803382481846e-01
5.053530789338624984e-01
5.106537149502681228e-01
5.040085074229118112e-01
5.129686687237177134e-01
5.082401818189865583e-01
5.062846758426764460e-01
5.056620096549009347e-01
5.082018852233887163e-01
5.066580767814929942e-01
5.061141880658956982e-01
5.070775401897918977e-01
5.093630828918555009e-01
5.064686992229558982e-01
5.057267722411032951e-01
5.093465520785405154e-01
5.053955246240664501e-01
5.094299556353153458e-01
5.115051087660666962e-01
5.065849065780639870e-01
5.051835130422542841e-01
5.061555628593151779e-01
5.091988279269291651e-01
5.106622052498352993e-01
5.054928163687387732e-01
5.053687155246734397e-01
5.117107470830281057e-01
5.100003416721637928e-01
5.083542201763544544e-01
5.087720177112481368e-01
5.092516573575827099e-01
5.068957799520248386e-01
5.022550599697308549e-01
5.090104150466430166e-01
5.069949165368691224e-01
5.121489248214623480e-01
5.079758236041436170e-01
5.066281774105170221e-01
5.048459494725251462e-01
5.072160505331479996e-01
5.058808630857711819e-01
5.070522393935765759e-01
5.064919262360303431e-01
5.113667799876286946e-01
5.033095086232209914e-01
5.121022851039201962e-01
5.089901529825651139e-01
5.075448482464521849e-01
5.111436062898391253e-01
5.054645666709313145e-01
5.096728091056530463e-01
5.020782536421066755e-01
5.085747834963676439e-01
5.087031211608495918e-01
5.064112684665582620e-01
5.070167310726948484e-01
5.079576594707293502e-01
5.017421221121763919e-01
5.105704084420815692e-01
5.120386741100213523e-01
5.107696586694472352e-01
5.111400932837755207e-01
5.090172735544351568e-01
5.054628638120798323e-01
5.067150643238654828e-01
5.092735770421150665e-01
5.087577439271486757e-01
5.123834576362218396e-01
5.100783360310089387e-01
5.080193715217785622e-01
5.143599403210175058e-01
5.067251854982131043e-01
5.102640792345389809e-01
5.023680204000228189e-01
5.091271802400931801e-01
5.025167471323257473e-01
5.043535892780010021e-01
5.099787924534234795e-01
5.091634612817030892e-01
5.126532815969907508e-01
5.109305300773718805e-01
5.076411478030375957e-01
5.085033756036024810e-01
5.070419754737462981e-01
5.113821653219369212e-01
5.084478557109832764e-01
5.071023250237489677e-01
5.119441316677973974e-01
5.061924361265622840e-01
5.113635069284683254e-01
5.111049097317915679e-01
5.074704747933608262e-01
5.061517756718855177e-01
5.073548208444546015e-01
5.125133894957029090e-01
5.057302912076314660e-01
5.101254272155272274e-01
4.983510471307314171e-01
5.042410685465885667e-01
5.055147603536263023e-01
5.069477946330339657e-01
5.061433567450597248e-01
5.068900204621828998e-01
5.041136180743193140e-01
5.085628391840518736e-01
5.059282241723476181e-01
5.062865245036589634e-01
5.085873868220891492e-01
5.066594534959548701e-01
5.078433628265673905e-01
5.124695302584232337e-01
5.106441137118217233e-01
5.086181240204052934e-01
5.034117947786281855e-01
5.072981959734207402e-01
5.054016854518499358e-01
5.072073872272785389e-01
5.079069968981620997e-01
5.017181453032371063e-01
5.138000214711213598e-01
5.063606982047741401e-01
5.061839325305742543e-01
5.007285024875249846e-01
5.097462314825791374e-01
5.098030499922923120e-01
5.082658176238720182e-01
5.060653662070250247e-01
5.067955694137475930e-01
5.124386461881490495e-01
5.088723054298988080e-01
5.054613107290023555e-01
5.086747108361659997e-01
5.073591476831680325e-01
5.062918062393482188e-01
5.078965324621934618e-01
5.086958866852980821e-01
5.095668260867779464e-01
5.017088425465119350e-01
5.084868461657793270e-01
5.123314368419158438e-01
5.078273623417585148e-01
5.050185914223010997e-01
5.111200071298158676e-01
5.078332306482853387e-01
5.068961410950392210e-01
5.074220660405280858e-01
5.080351432164510461e-01
5.126521565975287187e-01
5.049248848205957207e-01
5.070446361333895702e-01
5.035201717645694242e-01
5.024830527794666990e-01
5.053258782778030644e-01
5.108194314516507628e-01
5.065526908788925420e-01
5.053203834937168848e-01
5.080454616974561244e-01
