7.487648916244507014e-01
7.199085837602615667e-01
7.098425078392028853e-01
7.073222100734710693e-01
6.993522477149963779e-01
6.989414185285568459e-01
6.936221879720687600e-01
6.905681741237640336e-01
6.896869099140167103e-01
6.884323036670685347e-01
6.872246146202087846e-01
6.858440518379211870e-01
6.828508162498474476e-01
6.844901305437087746e-01
6.813020706176757812e-01
6.806657052040100409e-01
6.819915604591370029e-01
6.787899178266525446e-01
6.798558020591736195e-01
6.790351665019989102e-01
6.759711563587188499e-01
6.759191524982451904e-01
6.772999405860901101e-01
6.749718940258025990e-01
6.745153808593750133e-01
6.744054168462753074e-01
6.730127882957458452e-01
6.738885819911957231e-01
6.730600959062575939e-01
6.729732245206833108e-01
6.704477614164352506e-01
6.707261097431183039e-01
6.699842679500579434e-01
6.720746374130248668e-01
6.705714130401611017e-01
6.721447759866714389e-01
6.709819179773330866e-01
6.711507827043533547e-01
6.710679280757904097e-01
6.700006186962127464e-01
6.695121848583220903e-01
6.684790629148483765e-01
6.667703056335448908e-01
6.649142020940780329e-01
6.669573009014129195e-01
6.680323976278305098e-01
6.692908310890197665e-01
6.687985229492187100e-01
6.666785144805907892e-01
6.665761661529541193e-01
6.675579875707626787e-01
6.653737413883209495e-01
6.651132005453109786e-01
6.660928779840469272e-01
6.652942544221878141e-01
6.660583800077438665e-01
6.631006246805191129e-01
6.645022588968276800e-01
6.673668974637985141e-01
6.651095885038376121e-01
6.621955209970473710e-01
6.633146303892135665e-01
6.633266484737396773e-01
6.625005233287811768e-01
6.635569971799850642e-01
6.655929219722748202e-01
6.622722637653351008e-01
6.643223077058791892e-01
6.643319880962371693e-01
6.615585249662399026e-01
6.618245100975036488e-01
6.643075060844421120e-01
6.634430330991745173e-01
6.640721374750137018e-01
6.608077335357666060e-01
6.615247446298598843e-01
6.609393388032913652e-01
6.630851513147354437e-01
6.618601554632186357e-01
6.609639191627502131e-01
6.586835563182831255e-01
6.627143716812133878e-01
6.628649884462356479e-01
6.636418050527572721e-01
6.612388437986373990e-01
6.596108067035675315e-01
6.609948712587356834e-01
6.580699950456618819e-01
6.600148886442184226e-01
6.583769470453262329e-01
6.598363202810287875e-01
6.598942726850509644e-01
6.578281754255295155e-01
6.589778703451156794e-01
6.578956615924834717e-01
6.578612101078032959e-01
6.600341641902923717e-01
6.588939589262008401e-01
6.582988947629928589e-01
6.578675246238708807e-01
6.611812984943390425e-01
6.580548208951949585e-01
6.588973349332809537e-01
6.607671207189560469e-01
6.590728181600570279e-01
6.588193833827972190e-01
6.592219328880309925e-01
6.619824004173279208e-01
6.594293636083602417e-01
6.578118497133255138e-01
6.580545115470886053e-01
6.591880518198013350e-01
6.572185963392257468e-01
6.588335007429122481e-01
6.612279182672500255e-01
6.578223520517348932e-01
6.584272289276122958e-01
6.600507062673568459e-01
6.576171565055847212e-01
6.574134403467177812e-01
6.571647405624390093e-01
6.602852356433868142e-01
6.597675669193268089e-01
6.577942389249801236e-01
6.540058726072310868e-01
6.562672466039657371e-01
6.580157929658889682e-01
6.565902405977248613e-01
6.567476636171341031e-01
6.570655107498168945e-01
6.556576955318450528e-01
6.560055714845657304e-01
6.582594996690750433e-01
6.544308698177337957e-01
6.569315308332442926e-01
6.544783306121826350e-01
6.534999263286590532e-01
6.563993418216704789e-01
6.578793311119079945e-01
6.573857438564300049e-01
6.540491431951522827e-01
6.558403003215790283e-01
6.575639551877975331e-01
6.553798794746399370e-01
6.536506474018096702e-01
6.559043133258819491e-01
6.551516228914260331e-01
6.556352794170379195e-01
6.543380141258239302e-01
6.547869920730591264e-01
6.555466151237487882e-01
6.551986408233642090e-01
6.544195044040680420e-01
6.525830811262131048e-01
6.573530614376068559e-01
6.579713088274001809e-01
6.550626522302627208e-01
6.557351356744766102e-01
6.539048457145690829e-01
6.531075590848922641e-01
6.541957509517669633e-01
6.537863403558731301e-01
