5.087999987602234153e-01
5.250000020861625982e-01
5.371599996089935214e-01
5.365600034594535384e-01
5.461199986934661688e-01
5.525600019097328675e-01
5.549199983477592912e-01
5.649600023031234874e-01
5.606800031661987038e-01
5.625600025057793108e-01
5.670000007748603466e-01
5.682800012826919600e-01
5.764799994230270785e-01
5.713600018620490495e-01
5.769599983096123097e-01
5.809600019454955744e-01
5.785200017690658170e-01
5.804800015687942016e-01
5.789999997615814520e-01
5.840399998426437644e-01
5.864399999380112138e-01
5.840800023078918102e-01
5.818000000715255471e-01
5.895599991083144698e-01
5.844000023603439509e-01
5.891200006008148193e-01
5.910400003194808960e-01
5.845200020074844405e-01
5.902399981021880793e-01
5.907999998331070479e-01
5.927999991178513062e-01
5.943999975919723733e-01
5.919200003147124800e-01
5.935199999809265270e-01
5.933200007677078558e-01
5.929599982500076694e-01
5.898400002717971713e-01
5.931600016355514926e-01
5.946400004625320701e-01
5.986800014972686323e-01
5.946400022506713734e-01
5.952400016784668013e-01
5.980000007152557195e-01
6.002800017595291138e-01
5.962800014019012940e-01
5.998400020599364835e-01
5.972799998521804987e-01
5.976799982786178411e-01
5.993999993801116810e-01
5.953999987244605885e-01
5.987200003862380715e-01
6.012799984216690152e-01
6.033600008487701727e-01
5.988400018215179754e-01
6.000400012731552657e-01
5.979200011491775379e-01
6.071200007200241444e-01
6.011199992895126520e-01
5.984000027179717796e-01
5.980400007963180276e-01
6.075200015306472245e-01
6.029199981689452592e-01
6.052000015974045022e-01
6.052399981021880926e-01
6.078799998760223700e-01
6.063199996948241965e-01
6.058800017833709806e-01
6.054000014066696078e-01
6.046000003814697710e-01
6.057599985599517733e-01
6.057999986410140814e-01
6.022000026702880593e-01
6.078400015830993652e-01
6.031200015544890825e-01
6.094000011682509932e-01
6.081600028276443748e-01
6.062799996137618885e-01
6.065599995851517212e-01
6.059200000762939853e-01
6.069999992847442405e-01
6.094800001382827404e-01
6.065200030803680198e-01
6.056399995088577182e-01
6.048400008678436190e-01
6.057599973678589045e-01
6.102800011634826882e-01
6.093599998950958163e-01
6.078400009870529308e-01
6.087600016593932573e-01
6.110800009965896562e-01
6.113200014829636153e-01
6.110400009155273482e-01
6.122000038623809370e-01
6.059600031375884654e-01
6.120800042152404474e-01
6.119600021839142201e-01
6.070400005578995284e-01
6.108800017833709850e-01
6.120400017499924017e-01
6.119999998807906794e-01
6.036400014162063288e-01
6.119999969005585072e-01
6.103599989414214555e-01
6.089600020647049083e-01
6.095200026035308971e-01
6.110800009965896562e-01
6.108399987220763938e-01
6.018400013446807417e-01
6.089200019836426003e-01
6.122000044584274825e-01
6.127999997138977584e-01
6.089600032567977772e-01
6.152000015974045111e-01
6.114799994230269986e-01
6.099999999999999867e-01
6.100000011920928555e-01
6.092000013589858876e-01
6.088000023365021107e-01
6.110000020265579090e-01
6.108800005912781161e-01
6.136399996280670344e-01
6.067199999094009533e-01
6.101200020313263250e-01
6.099199986457825018e-01
6.202800011634826971e-01
6.144800013303757247e-01
6.129600000381469904e-01
6.131200021505356368e-01
6.137200003862380848e-01
6.096400004625320834e-01
6.131200027465820712e-01
6.154400020837783591e-01
6.092800009250640692e-01
6.165200012922287254e-01
6.092400050163269132e-01
6.159599977731704534e-01
6.165600013732910334e-01
6.166399985551833662e-01
6.128799998760223744e-01
6.110400015115737826e-01
6.180800020694732222e-01
6.122800016403198153e-01
6.114000010490417969e-01
6.155999988317489846e-01
6.194000035524368508e-01
6.162399971485137407e-01
6.139199995994567560e-01
6.119199991226196289e-01
6.169600003957748102e-01
6.177999973297119141e-01
6.143600004911422552e-01
6.131599998474120961e-01
6.215600001811981690e-01
6.180399984121323076e-01
6.112400007247924538e-01
6.148400038480759111e-01
6.150000011920928600e-01
6.155599993467331110e-01
6.144000047445297152e-01
6.173600023984908702e-01
6.134400004148483632e-01
6.179600012302398637e-01
