8.011655181646346602e-01
7.313545912504195723e-01
7.191506594419478926e-01
6.914058566093445046e-01
6.852005183696746604e-01
6.730682939291000588e-01
6.606691449880599531e-01
6.623544603586196677e-01
6.496275693178177324e-01
6.434417337179183516e-01
6.504005193710327148e-01
6.502553761005401833e-01
6.399365723133086936e-01
6.347117334604263084e-01
6.470042258501053078e-01
6.406971216201782227e-01
6.331834584474563821e-01
6.296386957168579324e-01
6.231328576803207842e-01
6.264534831047058328e-01
6.307529389858246294e-01
6.251698583364486694e-01
6.217880040407181008e-01
6.184013754129409346e-01
6.241717785596847534e-01
6.110299497842788252e-01
6.134099781513213667e-01
6.090836137533187644e-01
6.124050885438918623e-01
6.229324996471404807e-01
6.128789603710174116e-01
6.108172863721847978e-01
6.017141878604889138e-01
5.975300878286361472e-01
6.064372301101684792e-01
6.009005397558212502e-01
5.946350723505020586e-01
6.007289230823517068e-01
5.896170169115066972e-01
5.970351040363311990e-01
5.947774529457092729e-01
5.901399224996566328e-01
5.761883884668350664e-01
6.006984233856200728e-01
5.792723804712295310e-01
5.950279951095580611e-01
5.942436575889586958e-01
5.821437835693359375e-01
5.856841146945953591e-01
5.957000672817229781e-01
5.753496766090393510e-01
5.832732886075973067e-01
5.830621033906936423e-01
5.746108621358871904e-01
5.654717624187469704e-01
5.743441462516785112e-01
5.674103230237961260e-01
5.783572971820831743e-01
5.611874014139175415e-01
5.567344501614570618e-01
5.614627361297607200e-01
5.790061622858047041e-01
5.615039110183716042e-01
5.668211728334426880e-01
5.742319643497466597e-01
5.388629898428917153e-01
5.728848963975906594e-01
5.551689773797988670e-01
5.472143247723579851e-01
5.695009171962738259e-01
5.590294569730758223e-01
5.511876836419105086e-01
5.528188437223434670e-01
5.487832233309746233e-01
5.461314767599105835e-01
5.489984482526779619e-01
5.500445246696472612e-01
5.321020200848579629e-01
5.496151149272918701e-01
5.376585081219673601e-01
5.282447844743728416e-01
5.430191263556480852e-01
5.363642230629921404e-01
5.309015467762947527e-01
5.334680423140525374e-01
5.496995970606803894e-01
5.344520419836044089e-01
5.325122073292731795e-01
5.331925109028816667e-01
5.391221433877945168e-01
5.300308495759964433e-01
5.362342476844788042e-01
5.300088599324226379e-01
5.237126231193542925e-01
5.289123162627220598e-01
5.197157517075539079e-01
5.342743441462516341e-01
5.169723138213158098e-01
5.233900263905525430e-01
5.406441763043403625e-01
5.133326247334479842e-01
5.219827458262443765e-01
5.238896608352661133e-01
5.118723481893538985e-01
5.190890416502952354e-01
5.315817788243293318e-01
5.298737838864326921e-01
5.055168583989143594e-01
5.173303321003913657e-01
5.036364331841468589e-01
5.051853969693184121e-01
5.248949080705642700e-01
4.941981703042984120e-01
5.165942594408988731e-01
5.098347470164299455e-01
4.963687926530838124e-01
5.034460023045539412e-01
5.011263802647590859e-01
4.947286307811736839e-01
5.018933579325676186e-01
5.061342984437942061e-01
4.811534136533737183e-01
5.054327026009559631e-01
5.007687523961067422e-01
4.732814162969589122e-01
5.176029562950134055e-01
5.025151133537292258e-01
4.942642539739608987e-01
4.980200782418250927e-01
4.859418690204620472e-01
4.888228118419647439e-01
4.956501200795173645e-01
4.992255061864853127e-01
4.849862009286880493e-01
4.792367279529571311e-01
4.922872588038444408e-01
4.912516608834266441e-01
4.775742977857589944e-01
4.791702196002006753e-01
4.702817887067795022e-01
4.843577057123183982e-01
4.905246347188949585e-01
4.763992279767990112e-01
4.705452352762222179e-01
4.842150360345840454e-01
4.730567812919616588e-01
4.873100608587265237e-01
4.806595101952552684e-01
4.762788653373718484e-01
4.791554033756256215e-01
4.792333811521530262e-01
4.621330320835113636e-01
4.922761052846908458e-01
4.747059628367423789e-01
4.652582257986068726e-01
4.723814696073532216e-01
4.676219791173935048e-01
4.601739376783370861e-01
4.669683158397674450e-01
4.696881219744682423e-01
4.642372310161590465e-01
4.589641913771629333e-01
4.487840056419372670e-01
4.519181221723556630e-01
4.737043052911758534e-01
4.663093805313110463e-01
4.697576314210891724e-01
4.663525328040122875e-01
4.585782378911972268e-01
4.682337000966071971e-01
4.621096372604370228e-01
4.571675896644592507e-01
4.588442385196686013e-01
4.605021521449089161e-01
4.504702568054199108e-01
4.486164242029190286e-01
4.587556883692741616e-01
4.408314749598503113e-01
4.521770551800727844e-01
4.614465147256850974e-01
4.448605686426162498e-01
4.558086916804313660e-01
4.662267878651619180e-01
4.452734619379043468e-01
4.479190051555633767e-01
4.549736380577087402e-01
4.443633452057838551e-01
4.506441950798034668e-01
4.353955566883087047e-01
4.434433832764625438e-01
4.555739998817444070e-01
4.507801517844199912e-01
4.423374965786933677e-01
4.438133746385574119e-01
4.498793572187423928e-01
4.398986518383026234e-01
4.516501128673553467e-01
4.456138372421264426e-01
4.288695558905601390e-01
4.420936465263366477e-01
