5.370000064373016135e-01
5.749999970197677834e-01
5.859999984502792802e-01
6.023999959230422752e-01
5.964000016450882180e-01
6.063999980688095093e-01
6.159999996423721758e-01
6.209999978542327659e-01
6.316000014543533547e-01
6.372000008821487871e-01
6.438000023365020308e-01
6.262000054121017456e-01
6.448000043630599531e-01
6.468000054359436257e-01
6.345999985933303833e-01
6.420000076293945757e-01
6.462000012397766113e-01
6.506000012159347534e-01
6.532000035047531572e-01
6.542000025510787964e-01
6.504000008106232134e-01
6.556000083684920821e-01
6.579999953508377519e-01
6.636000007390976396e-01
6.597999989986419456e-01
6.722000032663345559e-01
6.704000025987625344e-01
6.718000054359436479e-01
6.745999962091445701e-01
6.624000012874603494e-01
6.698000013828278032e-01
6.789999932050705400e-01
6.807999998331070168e-01
6.865999996662139893e-01
6.761999964714050515e-01
6.845999956130981445e-01
6.815999984741211160e-01
6.837999969720840454e-01
6.950000017881393655e-01
6.803999990224838257e-01
6.824000000953673872e-01
6.914000004529953225e-01
7.019999951124191728e-01
6.823999941349029319e-01
7.041999995708465576e-01
6.856000006198883501e-01
6.854000002145766990e-01
6.983999997377395852e-01
6.983999997377395852e-01
6.846000075340270552e-01
6.979999989271163940e-01
6.917999982833862305e-01
7.024000018835068193e-01
6.953999996185302734e-01
7.093999952077865156e-01
7.029999971389770952e-01
7.132000029087066650e-01
7.001999944448471513e-01
7.093999952077865156e-01
7.132000088691711204e-01
7.194000065326691118e-01
6.933999985456467119e-01
7.189999997615814653e-01
7.126000016927719338e-01
7.006000041961669700e-01
7.373999983072281328e-01
7.087999999523162398e-01
7.243999987840652466e-01
7.201999932527541892e-01
7.118000000715255515e-01
7.194000035524368286e-01
7.186000019311904463e-01
7.213999956846237627e-01
7.196000009775161965e-01
7.275999993085860984e-01
7.280000060796737449e-01
7.231999993324279563e-01
7.417999982833862749e-01
7.266000002622604592e-01
7.301999926567077637e-01
7.497999966144561768e-01
7.323999971151351485e-01
7.364000022411346658e-01
7.398000061511993408e-01
7.368000000715255737e-01
7.249999999999999778e-01
7.373999953269958496e-01
7.376000016927719560e-01
7.344000011682509932e-01
7.344000011682509932e-01
7.404000014066696167e-01
7.381999969482422319e-01
7.472000002861023393e-01
7.379999935626984087e-01
7.431999981403351052e-01
7.504000008106231911e-01
7.379999995231628640e-01
7.600000023841857466e-01
7.446000009775162187e-01
7.347999989986420122e-01
7.509999990463256392e-01
7.470000028610229714e-01
7.463999956846236739e-01
7.589999973773956521e-01
7.490000039339065330e-01
7.372000008821487649e-01
7.347999960184097290e-01
7.584000021219253762e-01
7.450000017881392989e-01
7.601999968290329424e-01
7.587999969720840010e-01
7.460000038146972212e-01
7.684000045061111228e-01
7.482000052928924339e-01
7.518000066280364768e-01
7.662000000476837380e-01
7.627999931573867798e-01
7.599999964237212913e-01
7.699999988079071489e-01
7.610000014305114968e-01
7.530000001192093118e-01
7.752000063657760176e-01
7.533999919891357644e-01
7.546000033617019653e-01
7.845999926328659502e-01
7.449999928474426714e-01
7.607999950647353904e-01
7.742000043392180952e-01
7.618000000715255959e-01
7.696000039577484131e-01
7.712000012397766113e-01
7.651999980211258157e-01
7.639999985694885254e-01
7.794000029563903365e-01
7.750000029802321944e-01
7.627999991178512351e-01
7.683999985456466675e-01
7.726000040769577248e-01
7.727999985218048096e-01
7.849999994039535967e-01
7.730000019073486328e-01
7.686000019311904907e-01
7.823999941349029097e-01
7.817999899387360063e-01
7.735999971628189087e-01
7.846000075340271440e-01
7.728000074625015481e-01
7.785999923944473267e-01
7.833999931812286599e-01
7.763999909162521140e-01
7.766000002622603926e-01
7.914000004529953003e-01
7.704000025987625122e-01
7.851999998092651367e-01
7.865999937057495117e-01
7.774000048637390581e-01
7.861999958753586037e-01
7.906000018119812012e-01
7.850000023841857688e-01
7.893999963998794556e-01
7.887999981641768965e-01
7.953999996185302512e-01
7.967999994754790816e-01
7.938000053167343362e-01
7.827999979257583840e-01
7.795999974012375322e-01
7.816000014543533769e-01
7.830000042915343794e-01
7.870000004768371582e-01
7.798000007867813554e-01
7.875999987125397173e-01
7.884000003337859885e-01
7.914000004529953003e-01
7.926000028848647627e-01
7.962000012397766335e-01
7.944000005722046120e-01
7.877999991178512573e-01
8.084000051021575928e-01
7.928000032901764138e-01
7.907999962568282859e-01
8.066000074148178545e-01
7.863999933004379717e-01
7.899999976158141868e-01
7.970000028610229048e-01
7.995999962091445701e-01
7.943999975919723289e-01
8.016000062227248701e-01
7.939999997615814209e-01
8.048000007867812666e-01
8.025999993085861650e-01
7.977999925613403764e-01
7.949999988079070601e-01
8.034000039100647195e-01
7.980000019073486550e-01
7.980000019073486550e-01
8.028000026941299883e-01
8.000000029802322166e-01
8.018000036478042380e-01
8.093999981880187766e-01
8.046000033617020097e-01
