4.499940415844321251e-01
4.332130498252809159e-01
4.543571375310421212e-01
4.343299970030784496e-01
4.125860149040818103e-01
4.740986315533518569e-01
4.479346281848847755e-01
4.312370847910642624e-01
4.437194396741688251e-01
4.392989477142691390e-01
4.563650272786617390e-01
4.038784305565059074e-01
4.631339063867926376e-01
4.549847966060042159e-01
4.766841059550642745e-01
4.747870279476046340e-01
4.610057795420289262e-01
4.596202825196087360e-01
4.258439881727099641e-01
4.201241555623710378e-01
4.879484606906771549e-01
4.265999281778931618e-01
4.137609478086233250e-01
3.992332261987030506e-01
4.473557166755199321e-01
4.678660891950130463e-01
4.987474543973803298e-01
4.894617229700088390e-01
4.714303461834788433e-01
4.740383092314005009e-01
4.104512971825897694e-01
4.803103787824511417e-01
4.657354447059333102e-01
4.650172322988510021e-01
4.503630845807492511e-01
4.367146411910652892e-01
4.390447551384568103e-01
4.534464510157704131e-01
4.506205501034855621e-01
4.345620408654212730e-01
4.242888843640685304e-01
4.952242467552423477e-01
4.468781746923923270e-01
4.837544467300176620e-01
4.250794551335275173e-01
4.721579962410032971e-01
4.658089768141507880e-01
4.581732429563999398e-01
4.778820397332310677e-01
4.198019245639443286e-01
4.560922008007765038e-01
4.392689287662506215e-01
4.248558938503265159e-01
4.423921592533588409e-01
4.733304971829056518e-01
4.324729645624756924e-01
4.124685775488615147e-01
4.750385968945920467e-01
4.891238845884799957e-01
4.485831854864955059e-01
4.893801979720592277e-01
4.692493306472897419e-01
4.288298903964459785e-01
4.299292108044028282e-01
4.463216712698340194e-01
4.490684933960437664e-01
4.330874927341937797e-01
4.565080530941486581e-01
4.239891573786735424e-01
4.192673904821276887e-01
4.765150468796491845e-01
4.188377229496836884e-01
4.314450202509760857e-01
4.616271615028381126e-01
4.244950879365205765e-01
4.789062503725290409e-01
5.159870816394687143e-01
4.596388794481754414e-01
4.653104590252041817e-01
4.588859943673014863e-01
4.861857047304510848e-01
4.514015769585967286e-01
4.710915822535753361e-01
4.327017981559038162e-01
4.543449897319078445e-01
4.057296476326882617e-01
4.269685147330165020e-01
4.830629292875528447e-01
4.171766120009124390e-01
4.007355889305472263e-01
4.272097028791904672e-01
4.001796666532754787e-01
4.789157163351774327e-01
4.576266279444098362e-01
4.385578534565865993e-01
4.394950298592448235e-01
4.500175710767507775e-01
4.240055266767740472e-01
4.408192642033100239e-01
4.323599359020590671e-01
4.514201143756508827e-01
4.781183348968625069e-01
4.833733491599560006e-01
4.424171885475516319e-01
4.246385650709271209e-01
4.483496369794011116e-01
4.557595236226916202e-01
4.289616221562028153e-01
4.295023480430245622e-01
4.524318572133779748e-01
4.492012444883585198e-01
4.521849699318408744e-01
5.162223285064101441e-01
4.353670474141836388e-01
4.598550895228982194e-01
4.395116554573178513e-01
4.303643574938177951e-01
4.228263172321021779e-01
4.245114712044596450e-01
4.490275789052248223e-01
4.581078918650746123e-01
4.779412133619189151e-01
4.403874890878796688e-01
4.072598420083523019e-01
4.473334375768899807e-01
4.705983757972717063e-01
4.312976002693176270e-01
4.285997679457068665e-01
4.511032011359930038e-01
4.394702810794114956e-01
4.768866924569010735e-01
4.372364791110158189e-01
4.229676272720098718e-01
4.207795571535825618e-01
4.835615787655115350e-01
5.016279984265565872e-01
4.311521474272012600e-01
4.366738077253103367e-01
4.256134103983640893e-01
4.383693492040038331e-01
4.713504876941442268e-01
4.908328276127577050e-01
4.677296165376901849e-01
4.501338658854365238e-01
4.589113455265760311e-01
4.318392386659979931e-01
4.545631887391209380e-01
4.430917225778102653e-01
4.298850625753402599e-01
4.245546272024512402e-01
4.356753876432776229e-01
4.816689249128103256e-01
4.133875729516148789e-01
4.569717910140752570e-01
4.564914278686046378e-01
4.370541216805577389e-01
4.227967301383614429e-01
4.674779720604419486e-01
4.438970232382416503e-01
4.353619100525975005e-01
4.677205832675099262e-01
4.404464748688042275e-01
