5.121394230769230616e-01
5.798878205128205066e-01
6.204727564102564541e-01
6.517628205128205288e-01
6.759615384615385025e-01
6.948317307692307709e-01
7.177483974358974672e-01
7.273637820512820484e-01
7.411858974358974672e-01
7.443910256410256610e-01
7.579727564102564097e-01
7.642227564102563875e-01
7.753205128205128416e-01
7.787259615384615197e-01
7.881410256410256165e-01
7.919070512820512997e-01
7.945913461538461897e-01
7.988782051282051766e-01
8.084535256410256832e-01
8.132612179487179738e-01
8.127003205128204844e-01
8.209535256410256387e-01
8.183493589743590091e-01
8.138621794871795379e-01
8.159855769230769384e-01
8.162259615384614975e-01
8.158253205128205288e-01
8.191506410256410575e-01
8.181891025641025994e-01
8.211939102564103088e-01
8.165464743589743168e-01
8.187900641025640525e-01
8.207131410256410797e-01
8.186698717948718285e-01
8.223557692307692513e-01
8.173878205128205510e-01
8.175480769230769607e-01
8.153846153846153744e-01
8.189503205128204621e-01
8.193509615384615419e-01
8.193108974358974672e-01
8.183092948717948234e-01
8.185496794871794934e-01
8.163060897435897578e-01
8.201923076923076650e-01
8.177483974358974450e-01
8.183092948717948234e-01
8.215945512820512775e-01
8.186698717948718285e-01
8.180689102564102644e-01
8.186698717948718285e-01
8.203125000000000000e-01
8.174679487179487003e-01
8.157051282051281937e-01
8.152644230769230393e-01
8.172275641025641413e-01
8.147035256410256610e-01
8.206730769230768940e-01
8.174278846153846256e-01
8.186298076923076428e-01
8.186698717948718285e-01
