9.381875362151708142e-01
8.065681283290569992e-01
7.398062910789098279e-01
6.927916957781865559e-01
6.552475320987212193e-01
6.349264554488353030e-01
6.074463729674999257e-01
5.913251511561564699e-01
5.734706288728959045e-01
5.653761211114052276e-01
5.485904175501603586e-01
5.389640340438255350e-01
5.232621406897520755e-01
5.192864190309475214e-01
5.053813084577902792e-01
4.965776973809951644e-01
4.891349485287299625e-01
4.837919090038690917e-01
4.716059920115348580e-01
4.623630155355502591e-01
4.606521368026733620e-01
4.512631939007685777e-01
4.549837943835136067e-01
4.616218727368575081e-01
4.547746050052153821e-01
4.556213485888945813e-01
4.563648060346260915e-01
4.520526384695982558e-01
4.520570858930930136e-01
4.544816817992772817e-01
4.533784421590658087e-01
4.537962111142965216e-01
4.535646913907466771e-01
4.524260293214749096e-01
4.460446528899363883e-01
4.561423355188125028e-01
4.557416021823882946e-01
4.550162307727031452e-01
4.513160911890176652e-01
4.524034105814420115e-01
4.534616178426987276e-01
4.541451966151213160e-01
4.529899730132176394e-01
4.552708538678976180e-01
4.506053643348889581e-01
4.539347015894376058e-01
4.539929458728203526e-01
4.521948250440450678e-01
4.569295491927709563e-01
4.533378510903089409e-01
4.565660229096045741e-01
4.523665775091220143e-01
4.554475295238005761e-01
4.563716645424182872e-01
4.568222736700986997e-01
4.558842802659059390e-01
4.583834810134692073e-01
4.533485145140916939e-01
4.522849597992041337e-01
4.527198545443705813e-01
4.513819989485618467e-01
