7.139222756410256165e-01
7.765625000000000444e-01
7.807692307692307709e-01
7.820512820512820484e-01
7.825721153846153522e-01
7.830328525641025994e-01
7.833533653846154188e-01
7.836338141025640525e-01
7.845753205128205288e-01
7.856971153846153966e-01
7.858173076923077316e-01
7.860576923076922906e-01
7.888621794871795156e-01
7.883012820512820262e-01
7.878205128205127972e-01
7.901842948717948678e-01
7.911858974358974006e-01
7.925681089743589203e-01
7.909855769230769162e-01
7.922075320512820262e-01
7.910857371794871584e-01
7.954126602564102200e-01
8.014423076923077316e-01
8.021033653846153522e-01
8.025040064102564319e-01
8.013621794871794712e-01
8.030448717948718285e-01
8.053285256410256387e-01
8.027443910256409909e-01
8.052684294871794712e-01
8.057692307692307931e-01
8.061899038461538547e-01
8.051883012820513219e-01
8.056891025641025328e-01
8.050280448717949122e-01
8.057491987179487003e-01
8.051482371794871362e-01
8.066306089743590091e-01
8.059895833333333703e-01
8.065504807692307487e-01
8.069110576923076428e-01
8.058092948717948678e-01
8.069110576923076428e-01
8.055689102564103088e-01
8.076522435897436347e-01
8.059094551282051100e-01
8.042868589743589203e-01
8.068108974358974006e-01
8.071113782051282382e-01
8.041866987179486781e-01
8.062700320512820040e-01
8.061097756410255943e-01
8.062500000000000222e-01
8.061899038461538547e-01
8.066706730769230838e-01
8.075921474358974672e-01
8.064703525641025994e-01
8.071314102564102200e-01
8.051482371794871362e-01
8.077123397435896912e-01
8.057291666666667185e-01
8.061698717948717618e-01
8.050681089743589869e-01
8.056490384615384581e-01
8.062099358974359475e-01
8.043068910256410131e-01
8.059495192307691847e-01
8.061498397435897800e-01
8.075520833333332815e-01
8.075120192307692069e-01
8.056690705128205510e-01
8.065104166666666741e-01
8.069911858974359031e-01
8.069711538461538103e-01
8.051682692307692291e-01
8.061498397435897800e-01
