3.542529150079458122e-01
2.352398339372414882e-01
2.137484352558086942e-01
2.031604400812051237e-01
1.965550834933916802e-01
1.915254672368367495e-01
1.863908327924899688e-01
1.837771703799565559e-01
1.800917950578224958e-01
1.767975436189235805e-01
1.736795489986737440e-01
1.702795231380523910e-01
1.673952289498769341e-01
1.660116775295673308e-01
1.640851296484470423e-01
1.626750758634163685e-01
1.610626749503306920e-01
1.599812225271493860e-01
1.595027039830501370e-01
1.588737565164382581e-01
1.590963061803426504e-01
1.540354989851132339e-01
1.527102438494181147e-01
1.524981522598327643e-01
1.516856920260649388e-01
1.509261582906429588e-01
1.490477443123475187e-01
1.485445019717399895e-01
1.489812293686927913e-01
1.488146794339021139e-01
1.484456474964435391e-01
1.479583503535160660e-01
1.480618869647001568e-01
1.480549832758231155e-01
1.476945397754510225e-01
1.476008001428384120e-01
1.470516765346893961e-01
1.469144961963861351e-01
1.471833427938131211e-01
1.476895577823504335e-01
1.462842906323763015e-01
1.464864868957262700e-01
1.467460781717911666e-01
1.472121150447772142e-01
1.462249482289338653e-01
1.476519379287193900e-01
1.478730873801769319e-01
1.469639821121325740e-01
1.466689033577075474e-01
1.470414283948066891e-01
1.468730681599714760e-01
1.468353439217958689e-01
1.467249613350782578e-01
1.471097830014350960e-01
1.468779958593539603e-01
1.477101204104912524e-01
1.470153211401059035e-01
1.472647615732290693e-01
1.476187513233759574e-01
1.467266620924839726e-01
1.471375553462749841e-01
1.469887218796289974e-01
1.474941057272446399e-01
1.474183600682478779e-01
1.475396302074958033e-01
1.471614029927131584e-01
1.469338863897017844e-01
1.476123152252955262e-01
1.470309871320541195e-01
1.465573199475422861e-01
1.473081451960099042e-01
1.467440762198888304e-01
1.470548432415876572e-01
1.470632109122398667e-01
1.470723891869569477e-01
1.468695300129743697e-01
