4.792067307692307598e-01
5.145032051282051322e-01
5.289262820512820040e-01
5.345753205128205288e-01
5.459134615384615419e-01
5.540464743589743613e-01
5.644631410256409909e-01
5.751602564102563653e-01
5.738381410256410131e-01
5.877804487179487669e-01
5.931490384615384359e-01
5.982371794871794712e-01
6.035256410256409909e-01
6.118189102564102200e-01
6.102564102564103088e-01
6.234775641025640525e-01
6.235576923076923128e-01
6.300881410256410353e-01
6.297676282051282159e-01
6.361778846153846034e-01
6.387820512820512331e-01
6.370592948717949122e-01
6.357371794871794490e-01
6.349759615384615863e-01
6.474759615384615419e-01
6.459535256410255943e-01
6.467948717948718285e-01
6.461939102564102644e-01
6.548878205128204621e-01
6.538060897435897800e-01
6.465945512820512331e-01
6.575320512820512775e-01
6.561698717948717396e-01
6.566105769230768940e-01
6.592147435897436347e-01
6.579727564102564319e-01
6.686698717948718063e-01
6.624999999999999778e-01
6.626602564102563875e-01
6.683092948717949122e-01
6.691506410256410353e-01
6.677884615384614975e-01
6.725160256410256387e-01
6.709535256410256165e-01
6.697115384615384137e-01
6.675080128205128638e-01
6.722756410256410797e-01
6.695512820512820040e-01
6.729567307692307931e-01
6.715945512820512553e-01
6.766426282051282159e-01
6.769230769230769607e-01
6.756009615384614975e-01
6.776442307692307487e-01
6.807692307692307931e-01
6.760817307692307265e-01
6.762820512820513219e-01
6.833733974358974228e-01
6.818108974358974006e-01
6.789262820512820262e-01
6.770833333333333703e-01
6.752403846153846034e-01
6.797676282051282604e-01
6.793269230769231060e-01
6.804086538461538991e-01
6.902243589743589647e-01
6.821714743589744057e-01
6.847756410256410353e-01
6.871394230769231060e-01
6.872195512820512553e-01
6.891426282051281715e-01
6.851762820512820040e-01
6.890625000000000222e-01
6.879407051282051544e-01
6.922275641025641413e-01
6.825320512820512997e-01
6.872996794871795156e-01
6.871794871794871806e-01
6.881410256410256387e-01
6.922676282051282159e-01
6.879807692307692291e-01
6.919471153846153966e-01
6.947916666666666963e-01
6.959134615384615641e-01
6.901442307692308153e-01
6.939503205128204621e-01
6.981971153846153744e-01
6.926682692307691847e-01
6.949519230769231060e-01
6.944310897435896912e-01
6.970352564102564319e-01
6.938301282051282382e-01
6.980769230769230393e-01
6.971153846153845812e-01
6.954727564102564097e-01
6.947516025641025106e-01
6.959535256410256387e-01
6.973157051282051766e-01
6.957932692307692291e-01
6.969150641025640969e-01
6.921474358974358809e-01
6.884615384615384581e-01
6.939903846153846478e-01
6.965144230769231282e-01
6.950721153846153300e-01
6.908653846153846034e-01
6.946714743589743613e-01
6.957131410256410797e-01
6.930288461538461897e-01
6.897035256410256610e-01
6.976362179487179960e-01
6.946714743589743613e-01
6.909855769230769384e-01
6.932291666666666741e-01
6.929086538461538547e-01
6.924679487179487003e-01
6.981169871794872250e-01
6.962740384615384581e-01
6.968349358974359475e-01
6.926682692307691847e-01
6.961538461538461231e-01
6.914663461538461675e-01
6.937900641025640525e-01
6.941506410256410575e-01
6.946714743589743613e-01
6.955128205128204844e-01
6.928685897435897800e-01
6.928285256410255943e-01
6.961939102564103088e-01
6.975961538461538103e-01
6.978365384615384803e-01
6.957932692307692291e-01
6.919471153846153966e-01
6.952323717948717396e-01
6.982772435897436347e-01
6.966346153846153522e-01
6.983173076923077094e-01
6.977964743589744057e-01
6.971153846153845812e-01
6.931490384615384137e-01
6.940705128205127972e-01
6.938701923076923128e-01
6.979967948717948900e-01
6.996794871794871362e-01
6.951121794871795156e-01
6.982772435897436347e-01
6.955929487179487447e-01
7.008413461538461897e-01
6.959134615384615641e-01
6.955128205128204844e-01
6.968349358974359475e-01
6.968750000000000222e-01
6.980769230769230393e-01
6.953926282051282604e-01
6.963942307692307931e-01
6.927884615384615197e-01
6.948717948717948456e-01
6.952323717948717396e-01
6.946714743589743613e-01
6.952323717948717396e-01
6.908653846153846034e-01
6.926282051282051100e-01
6.969951923076923572e-01
7.014022435897435681e-01
6.929887820512820040e-01
6.961137820512820484e-01
6.990384615384614975e-01
6.923477564102563653e-01
6.941506410256410575e-01
6.970753205128205066e-01
6.947115384615384359e-01
6.990384615384614975e-01
6.970352564102564319e-01
6.919471153846153966e-01
6.913060897435897578e-01
6.942307692307692069e-01
6.893830128205128416e-01
6.963141025641025328e-01
6.949118589743589203e-01
6.928285256410255943e-01
6.941907051282051322e-01
6.976762820512820706e-01
6.991586538461538325e-01
6.943910256410256165e-01
6.937900641025640525e-01
6.963942307692307931e-01
6.980769230769230393e-01
6.989983974358974228e-01
6.910256410256410131e-01
6.953926282051282604e-01
7.008012820512820040e-01
6.944310897435896912e-01
7.003205128205127750e-01
6.939102564102563875e-01
6.987980769230769384e-01
6.969150641025640969e-01
6.996394230769230616e-01
6.957532051282051544e-01
6.934695512820512331e-01
6.935897435897435681e-01
6.976362179487179960e-01
6.930288461538461897e-01
7.031650641025640747e-01
6.949118589743589203e-01
6.936298076923076428e-01
7.005208333333333703e-01
6.951923076923076650e-01
6.960737179487179738e-01
7.008814102564102644e-01
6.957932692307692291e-01
6.979967948717948900e-01
6.967147435897436125e-01
6.967948717948717618e-01
6.994791666666666519e-01
6.981971153846153744e-01
6.981570512820512997e-01
6.910657051282050878e-01
6.981169871794872250e-01
6.959535256410256387e-01
6.929887820512820040e-01
6.953926282051282604e-01
6.988381410256410131e-01
6.947115384615384359e-01
6.977964743589744057e-01
6.945913461538461009e-01
6.945913461538461009e-01
6.967548076923076872e-01
6.935897435897435681e-01
6.937099358974359031e-01
6.953525641025640747e-01
6.945913461538461009e-01
6.946314102564102866e-01
6.935496794871794934e-01
6.979967948717948900e-01
6.998798076923077316e-01
6.951121794871795156e-01
6.953525641025640747e-01
6.948717948717948456e-01
6.948717948717948456e-01
6.901442307692308153e-01
6.938301282051282382e-01
6.915464743589743168e-01
6.964342948717948678e-01
6.986378205128205288e-01
6.974759615384615863e-01
6.964743589743589425e-01
6.954727564102564097e-01
6.970352564102564319e-01
7.015624999999999778e-01
6.974358974358974006e-01
6.949519230769231060e-01
6.985176282051281937e-01
6.937099358974359031e-01
7.013221153846154188e-01
6.993189102564102422e-01
6.994391025641025772e-01
6.921474358974358809e-01
6.977163461538461453e-01
6.969951923076923572e-01
6.972355769230769162e-01
6.927083333333333703e-01
6.996794871794871362e-01
6.913060897435897578e-01
6.981169871794872250e-01
6.977564102564102200e-01
6.922275641025641413e-01
6.940705128205127972e-01
6.977964743589744057e-01
6.963942307692307931e-01
6.970753205128205066e-01
6.962339743589743835e-01
6.969951923076923572e-01
6.937099358974359031e-01
6.950320512820512553e-01
6.957532051282051544e-01
6.967147435897436125e-01
6.951522435897435903e-01
6.980769230769230393e-01
6.903445512820512997e-01
6.938701923076923128e-01
6.948717948717948456e-01
6.946714743589743613e-01
6.961939102564103088e-01
6.993589743589743168e-01
7.008814102564102644e-01
6.950721153846153300e-01
6.975560897435897356e-01
6.952323717948717396e-01
6.968750000000000222e-01
6.980368589743589647e-01
6.975160256410256610e-01
6.964743589743589425e-01
6.924679487179487003e-01
6.947516025641025106e-01
6.977564102564102200e-01
6.950320512820512553e-01
6.956730769230768940e-01
7.015224358974359031e-01
6.993589743589743168e-01
6.890625000000000222e-01
6.922275641025641413e-01
6.963541666666667185e-01
6.927884615384615197e-01
6.924679487179487003e-01
6.944711538461538769e-01
6.955128205128204844e-01
6.964743589743589425e-01
6.949519230769231060e-01
6.923076923076922906e-01
6.934294871794871584e-01
6.958333333333333037e-01
6.940705128205127972e-01
6.920272435897435459e-01
6.988782051282050878e-01
6.975961538461538103e-01
7.030448717948717396e-01
6.926282051282051100e-01
6.956330128205128194e-01
6.950721153846153300e-01
6.938701923076923128e-01
6.947115384615384359e-01
6.931089743589743390e-01
6.931089743589743390e-01
6.918669871794871362e-01
6.975560897435897356e-01
6.951121794871795156e-01
6.952323717948717396e-01
6.966346153846153522e-01
6.973557692307692513e-01
6.959935897435897134e-01
7.013221153846154188e-01
6.944310897435896912e-01
6.967147435897436125e-01
6.964743589743589425e-01
6.961939102564103088e-01
6.993189102564102422e-01
6.963141025641025328e-01
6.949519230769231060e-01
6.943108974358974672e-01
6.941105769230768718e-01
6.922676282051282159e-01
6.933894230769230838e-01
6.979567307692308153e-01
6.947115384615384359e-01
6.947916666666666963e-01
6.931089743589743390e-01
6.964743589743589425e-01
7.006009615384615197e-01
6.950320512820512553e-01
6.923477564102563653e-01
6.979967948717948900e-01
6.973557692307692513e-01
7.003205128205127750e-01
6.934695512820512331e-01
6.971554487179487669e-01
6.973157051282051766e-01
6.908253205128205288e-01
6.962339743589743835e-01
6.941506410256410575e-01
6.954326923076923350e-01
6.979967948717948900e-01
6.936298076923076428e-01
6.919471153846153966e-01
6.988381410256410131e-01
6.945112179487179516e-01
6.941105769230768718e-01
6.916266025641025772e-01
6.963141025641025328e-01
6.966346153846153522e-01
6.945512820512820262e-01
6.950320512820512553e-01
6.950320512820512553e-01
6.977163461538461453e-01
6.936298076923076428e-01
6.963942307692307931e-01
6.935897435897435681e-01
6.921874999999999556e-01
6.988381410256410131e-01
6.963541666666667185e-01
6.947916666666666963e-01
6.975160256410256610e-01
6.921073717948718063e-01
6.937900641025640525e-01
6.940304487179487225e-01
6.983974358974358587e-01
6.947516025641025106e-01
6.941506410256410575e-01
6.961538461538461231e-01
6.963541666666667185e-01
7.000801282051282159e-01
6.917467948717949122e-01
6.969951923076923572e-01
6.983573717948717841e-01
6.975961538461538103e-01
6.926282051282051100e-01
6.937499999999999778e-01
6.953525641025640747e-01
6.957932692307692291e-01
6.943108974358974672e-01
6.935496794871794934e-01
6.922275641025641413e-01
6.941907051282051322e-01
6.971153846153845812e-01
6.953926282051282604e-01
6.999599358974358809e-01
6.957932692307692291e-01
6.957131410256410797e-01
6.963141025641025328e-01
6.933894230769230838e-01
6.941506410256410575e-01
6.912660256410256832e-01
6.958333333333333037e-01
6.963141025641025328e-01
6.975160256410256610e-01
6.979967948717948900e-01
6.995592948717949122e-01
6.995192307692307265e-01
6.889022435897436125e-01
6.952724358974359253e-01
6.933493589743590091e-01
6.966346153846153522e-01
6.967147435897436125e-01
7.000801282051282159e-01
6.957131410256410797e-01
6.957932692307692291e-01
6.979567307692308153e-01
6.959935897435897134e-01
6.971153846153845812e-01
6.956330128205128194e-01
6.975560897435897356e-01
6.946714743589743613e-01
6.956330128205128194e-01
6.998798076923077316e-01
6.981971153846153744e-01
6.987580128205128638e-01
6.946314102564102866e-01
6.967948717948717618e-01
6.982371794871794490e-01
6.959535256410256387e-01
6.981570512820512997e-01
6.978766025641025550e-01
6.972756410256409909e-01
6.965945512820512775e-01
6.963541666666667185e-01
6.970753205128205066e-01
6.981971153846153744e-01
6.938301282051282382e-01
6.954727564102564097e-01
6.920272435897435459e-01
6.959935897435897134e-01
6.923076923076922906e-01
6.981570512820512997e-01
6.887419871794872028e-01
6.939903846153846478e-01
6.931891025641025994e-01
6.930288461538461897e-01
6.924679487179487003e-01
6.963541666666667185e-01
6.936298076923076428e-01
6.975560897435897356e-01
6.952323717948717396e-01
6.994791666666666519e-01
6.915865384615385025e-01
6.929487179487179294e-01
7.005608974358974450e-01
6.956730769230768940e-01
6.949519230769231060e-01
7.012820512820512331e-01
6.982772435897436347e-01
7.020833333333332815e-01
6.952724358974359253e-01
6.979166666666666297e-01
6.961538461538461231e-01
6.956730769230768940e-01
6.984375000000000444e-01
6.961538461538461231e-01
7.006810897435897800e-01
6.965144230769231282e-01
6.946314102564102866e-01
6.961939102564103088e-01
6.982371794871794490e-01
6.919471153846153966e-01
6.967147435897436125e-01
6.934695512820512331e-01
6.996794871794871362e-01
6.938701923076923128e-01
6.987179487179486781e-01
6.950320512820512553e-01
6.980368589743589647e-01
6.941506410256410575e-01
6.993990384615385025e-01
6.945913461538461009e-01
6.971153846153845812e-01
6.983573717948717841e-01
6.966746794871795379e-01
6.953926282051282604e-01
6.947916666666666963e-01
6.982371794871794490e-01
6.937900641025640525e-01
6.968750000000000222e-01
6.959535256410256387e-01
6.995993589743589869e-01
6.954727564102564097e-01
6.981570512820512997e-01
6.973958333333333259e-01
6.949519230769231060e-01
6.912259615384614975e-01
6.957932692307692291e-01
7.018429487179487225e-01
6.949519230769231060e-01
6.955528846153846700e-01
6.932692307692307487e-01
6.968750000000000222e-01
6.949118589743589203e-01
6.910256410256410131e-01
6.985977564102564541e-01
6.943910256410256165e-01
6.929487179487179294e-01
6.971955128205128416e-01
6.953125000000000000e-01
6.985977564102564541e-01
6.989583333333333481e-01
6.977163461538461453e-01
6.948317307692307709e-01
6.947516025641025106e-01
6.971554487179487669e-01
6.949118589743589203e-01
6.981971153846153744e-01
6.952724358974359253e-01
6.946714743589743613e-01
6.982772435897436347e-01
6.955929487179487447e-01
6.975560897435897356e-01
6.976362179487179960e-01
6.945512820512820262e-01
6.980368589743589647e-01
7.007612179487179294e-01
6.956330128205128194e-01
6.921073717948718063e-01
6.922275641025641413e-01
6.958333333333333037e-01
6.937900641025640525e-01
6.923076923076922906e-01
6.973958333333333259e-01
6.983573717948717841e-01
7.001201923076922906e-01
6.991185897435897578e-01
6.953525641025640747e-01
6.931891025641025994e-01
6.964743589743589425e-01
6.923878205128205510e-01
6.984775641025641191e-01
7.009615384615384137e-01
6.967948717948717618e-01
6.955929487179487447e-01
6.963541666666667185e-01
6.922676282051282159e-01
6.974759615384615863e-01
6.966746794871795379e-01
6.950320512820512553e-01
6.966346153846153522e-01
6.971955128205128416e-01
7.030048076923076650e-01
6.956330128205128194e-01
6.981169871794872250e-01
6.991987179487179072e-01
6.945512820512820262e-01
6.951522435897435903e-01
6.925080128205127750e-01
6.923477564102563653e-01
6.943509615384615419e-01
6.972355769230769162e-01
6.915064102564102422e-01
6.922676282051282159e-01
6.970352564102564319e-01
6.933894230769230838e-01
6.919070512820513219e-01
6.986378205128205288e-01
6.962339743589743835e-01
6.940705128205127972e-01
6.925080128205127750e-01
6.950320512820512553e-01
6.924278846153846256e-01
6.924278846153846256e-01
6.976362179487179960e-01
6.917067307692307265e-01
6.957532051282051544e-01
6.959134615384615641e-01
6.956730769230768940e-01
6.956730769230768940e-01
6.952323717948717396e-01
6.973958333333333259e-01
6.964743589743589425e-01
6.907051282051281937e-01
