8.910756322053762224e-01
8.010053735512953077e-01
7.607357318584735406e-01
7.360207462922120358e-01
7.222591235087467698e-01
7.107510493351862912e-01
7.017900717564118374e-01
6.926688643602224582e-01
6.886028506816961325e-01
6.788253906445625985e-01
6.758324519181863055e-01
6.730763123585628005e-01
6.653801685724503034e-01
6.613523471049773672e-01
6.596033032123859163e-01
6.537352999051412317e-01
6.536912642992459554e-01
6.440305003753075130e-01
6.457634751613323676e-01
6.410237324543488491e-01
6.382410838053776958e-01
6.363130780366751393e-01
6.392143087509351007e-01
6.357975886418268940e-01
6.295287324832036235e-01
6.311902819535670783e-01
6.304553303963098543e-01
6.290568519861270413e-01
6.219140606048779718e-01
6.249442910536741058e-01
6.267753848662742655e-01
6.163947007594964278e-01
6.202847615266458003e-01
6.175851363402146132e-01
6.170142088180933237e-01
6.177278002103169241e-01
6.117117872604956874e-01
6.145452413803491609e-01
6.117571735993410087e-01
6.084736417501400707e-01
6.096744748262258318e-01
6.067182690669328249e-01
6.087710594519590845e-01
6.078449264550820352e-01
6.048604253010871901e-01
6.078310101460188131e-01
6.076530798887594953e-01
6.052760448211278455e-01
6.041293529363779280e-01
6.041555364926656235e-01
6.009671171506245635e-01
6.022293362862024546e-01
6.019617976286472105e-01
5.987729387405591464e-01
5.988816449275383702e-01
6.023643273573655588e-01
6.022920865278977853e-01
5.918758322031070218e-01
5.977698631775685278e-01
5.989680507244208307e-01
5.989233918679066626e-01
5.986809482941261029e-01
5.970770955085754617e-01
5.976424070504995356e-01
5.967396072852305666e-01
5.920232173724052638e-01
5.926504925275459801e-01
5.926721398647014638e-01
5.932149009826855890e-01
5.909741872396224727e-01
5.898970903494419327e-01
5.922228366900712526e-01
5.911708892920077840e-01
5.918438550753470917e-01
5.860778136131090665e-01
5.957985122998555871e-01
5.890546934726911266e-01
5.898960480323204303e-01
5.908723354339600053e-01
5.896366629845056773e-01
5.893892813951541187e-01
5.863850361261612187e-01
5.834292637996184583e-01
5.851463374419090258e-01
5.857742911730057234e-01
5.863787834460918447e-01
5.842058271933824320e-01
5.860205757312285657e-01
5.856098723717224619e-01
5.884963628573295358e-01
5.837457277835943481e-01
5.852600308564993581e-01
5.815772206355364071e-01
5.815188930584833660e-01
5.837580509674854534e-01
5.871551683315864301e-01
5.813585724586095571e-01
5.798522496834779272e-01
5.821779883824862445e-01
5.829568063601469063e-01
5.839266289503146634e-01
5.883377547447498079e-01
5.794432554489526987e-01
5.816010779295212041e-01
5.837186779731359243e-01
5.877609275854550619e-01
5.794320584871830437e-01
5.831692775090535630e-01
5.859876259779318586e-01
5.867136888014964358e-01
5.810928726807619293e-01
5.815018638586386679e-01
5.859046200911204316e-01
5.831142553916344173e-01
5.863425270105019349e-01
5.861282605391282541e-01
5.825353127259474961e-01
5.828079469693012715e-01
5.802870261363494153e-01
5.809621120110536330e-01
5.841406774826538584e-01
5.869376544768993842e-01
5.820091981154221772e-01
5.847233857863988193e-01
5.829477307124015795e-01
5.831309593640841005e-01
5.839419768406794997e-01
5.858858643433986213e-01
5.801447299810555958e-01
5.826517931925945248e-01
5.807904319885449640e-01
5.847523259810912810e-01
5.845969903163420467e-01
5.860070471580212104e-01
5.801969574047969314e-01
5.799574561608142886e-01
5.832620053719251851e-01
5.840020305071121909e-01
5.834213877335573395e-01
5.844193385197565815e-01
5.848111418577340848e-01
5.828138375893617829e-01
5.799964713744628630e-01
5.784918161538931125e-01
5.826149886999374417e-01
5.810686767101287398e-01
5.825344314941993673e-01
5.781832257906596162e-01
5.816322662891485473e-01
5.825404498821650234e-01
5.805747074958605980e-01
5.832721719375023595e-01
5.775139396007243908e-01
5.863118021916120526e-01
5.824874578378139711e-01
5.857997999741481054e-01
5.855656296778948278e-01
5.830551813810299633e-01
5.816078305244445357e-01
5.817333835821885124e-01
5.836403463131342173e-01
5.830794609509981630e-01
5.810274244883121275e-01
5.803929107311444069e-01
5.831925548039950113e-01
5.816320838072360777e-01
5.841701232469999061e-01
5.865330500480455678e-01
5.836452594170203900e-01
5.818859350986970158e-01
5.797871225919478677e-01
5.810167502134274686e-01
5.818848533508105270e-01
5.832114259401957046e-01
5.863916647739899624e-01
5.830232997735341760e-01
5.869243759375352143e-01
5.820048157985393544e-01
5.818032698753552445e-01
5.843148031295873901e-01
5.858788066949599527e-01
5.804032975282424900e-01
5.823519584460136178e-01
5.829463194578121676e-01
5.902503815981058333e-01
5.847243996766897656e-01
5.809451187268281913e-01
5.816226742206476175e-01
5.875664594845894095e-01
5.822826397724640834e-01
5.773912027860299556e-01
5.823560499227964371e-01
5.819030249730134940e-01
5.839179755785526282e-01
5.817218210452642646e-01
5.840801654717860947e-01
5.787732870150834597e-01
5.822090518780244084e-01
5.829019659604781634e-01
5.842389870912600980e-01
5.816671328666882523e-01
5.854296455016503309e-01
5.772050937016804939e-01
5.819354063425308254e-01
5.851266705072842855e-01
5.837479624992761851e-01
5.855286689905020436e-01
5.835336773823469603e-01
5.800883456682547346e-01
5.832693864137697970e-01
5.826911418865888814e-01
5.840586792200039845e-01
5.834104084051572325e-01
5.800966892486963955e-01
5.838678453213129727e-01
5.803157308162787409e-01
5.820157977250906001e-01
5.829357101367069749e-01
5.841731264041020166e-01
5.833256949216891751e-01
5.811605756099407216e-01
5.837243101535699585e-01
5.855320135752359878e-01
5.827086827693841453e-01
5.824716219535240880e-01
5.817713352350087908e-01
5.833438751025077362e-01
5.864055648828163658e-01
5.827176115451715432e-01
5.816540432281983586e-01
5.819377569051888965e-01
5.825617655729635747e-01
5.808058501818240682e-01
5.805487009195181569e-01
5.830790724509801182e-01
5.817623697794400695e-01
5.839492651132437429e-01
5.880260135882939831e-01
5.812884037311260021e-01
5.857201588459504116e-01
5.822912784723135449e-01
5.859910515638497852e-01
5.859273192210074921e-01
5.842715905262874099e-01
5.831698752366579752e-01
5.814761302410027533e-01
5.846081019976200333e-01
5.822545762245471268e-01
5.791563755426651916e-01
5.823883276719313828e-01
5.844252995955638852e-01
5.820490546715565428e-01
5.835682664162072930e-01
5.788586634856004443e-01
5.791304108424064623e-01
5.838922032943139051e-01
5.841384245799138286e-01
5.812135170667599438e-01
5.810450613498687744e-01
5.824280295616540704e-01
5.865703902183434515e-01
5.798136928142645363e-01
5.848854896349784394e-01
5.810291100770998973e-01
5.815496580723004127e-01
5.858033820604666708e-01
5.806443726405119410e-01
5.796379703741807443e-01
5.805187500440157633e-01
5.817213177680968794e-01
5.828082830477983034e-01
5.783371355289067539e-01
5.840093686030460862e-01
5.823526634619786702e-01
5.809857363884265435e-01
5.821661125390957814e-01
5.809221585591634041e-01
5.829327503840128211e-01
5.855273182575518875e-01
5.840332297178415510e-01
5.827473759651183860e-01
5.816383623159848693e-01
5.828450809686611667e-01
5.809710392585167860e-01
5.799521054977025969e-01
5.856050743506504563e-01
5.826318163138169970e-01
5.848736231143657482e-01
5.845619547061431387e-01
5.809372469400748695e-01
5.803362014966133575e-01
5.823332856862972751e-01
5.823493661024631285e-01
5.839482958500201715e-01
5.815515148334013951e-01
5.842362700364528427e-01
5.835422176581163134e-01
5.783911332105978742e-01
5.823029221632541885e-01
5.824080473337418518e-01
5.856611630855462769e-01
5.809491878900772122e-01
5.804526044772221338e-01
5.843659859437209114e-01
5.848913938571245197e-01
5.835840783058068304e-01
5.871375569930443739e-01
5.823183460113329213e-01
5.827346671850253124e-01
5.841239024431277294e-01
5.816595199780586478e-01
5.845618828749045148e-01
5.839441907711517832e-01
5.797616545970623037e-01
5.817076704440973245e-01
5.789028774469326954e-01
5.823731246667031014e-01
5.800560211523985155e-01
5.870356107369447685e-01
5.820151274020854970e-01
5.856590769229791382e-01
5.860165923069684535e-01
5.832752686280470167e-01
5.860351553330054308e-01
5.831835924050746689e-01
5.822065973893190138e-01
5.827510515848796091e-01
5.830843066557859222e-01
5.816382429538629051e-01
5.814738227770879231e-01
5.797635967914874788e-01
5.857397586871415651e-01
5.807576265090551582e-01
5.803142796724271024e-01
5.843732963769864286e-01
5.829253178376417877e-01
5.800791240655458481e-01
5.827378023893404757e-01
5.851455813799149031e-01
5.817263881365458689e-01
5.845269655570005662e-01
5.850838022354322154e-01
5.812435438999763448e-01
5.831108353076837059e-01
5.846927707011883024e-01
5.807524925623184231e-01
5.842887051594563008e-01
5.819956602194370499e-01
5.856030688836024733e-01
5.823699813622694732e-01
5.816636091623550442e-01
5.791766657279088237e-01
5.818857174653273567e-01
5.838800188822623749e-01
5.824073638671484199e-01
5.830743927222031830e-01
5.858901499173579941e-01
5.819098139420534332e-01
5.834562747906415492e-01
5.822313365263817042e-01
5.803507460997654466e-01
5.856703110230274678e-01
5.840291769076616513e-01
5.810915690201979844e-01
5.875691239650432385e-01
5.857311899845416558e-01
5.848415092015877281e-01
5.814768424400916791e-01
5.826237093179653659e-01
5.882931217169150573e-01
5.865013877550760979e-01
5.841183326183221336e-01
5.818650013361221784e-01
5.822054014756129492e-01
5.800797572502722765e-01
5.826649829363211852e-01
5.870954741270114630e-01
5.807887147634457348e-01
5.833405387707245593e-01
5.817047164990352126e-01
5.828627509948535179e-01
5.881257647123092624e-01
5.853517245023678317e-01
5.825639174534724685e-01
5.842180924537854203e-01
5.820786812366582907e-01
5.847931401851850230e-01
5.848294617273868123e-01
5.857809513043135130e-01
5.803221889031239256e-01
5.846334523115402915e-01
5.833607348111959912e-01
5.822056875779078045e-01
5.815735931579882889e-01
5.867515337772858386e-01
5.841422912402031153e-01
5.827090935829358775e-01
5.839098424483568639e-01
5.847606522914691185e-01
5.858187666306129415e-01
5.826171688544444782e-01
5.823396068352919563e-01
5.836598633191524277e-01
5.842260070336170452e-01
5.791692571762280251e-01
5.836203993895114905e-01
5.836999613505143847e-01
5.797188170445271016e-01
5.839340177866129133e-01
5.822916801159198075e-01
5.852590881861172711e-01
5.830808911568079456e-01
5.830931085806626557e-01
5.798731475304335081e-01
5.800402653522980234e-01
5.778027500861729893e-01
5.796461501182653686e-01
5.845014112117963290e-01
5.839011363494091000e-01
5.867012305137438988e-01
5.831531107425689253e-01
5.812022296281961209e-01
5.806421017035460208e-01
5.829426933557558810e-01
5.815400522488813895e-01
5.836571097373962624e-01
5.833905481375181168e-01
5.816542909695552321e-01
5.839829637454105882e-01
5.820203102551974039e-01
5.853825245148096545e-01
5.815759603793804189e-01
5.826227004711445057e-01
5.790130330966068994e-01
5.825973846973516723e-01
5.822681405605414362e-01
5.794944161023849460e-01
5.820405287620348256e-01
5.817164691594930437e-01
5.807702043117620727e-01
5.809214772322238707e-01
5.814131293541345835e-01
5.839130150966155286e-01
5.816995553481273395e-01
5.824234118828406359e-01
5.816078127958835831e-01
5.824186034691639646e-01
5.831934533058068526e-01
5.830905954043070771e-01
5.825690958744440540e-01
5.831549797302637561e-01
5.788991666757143939e-01
5.863371772643847235e-01
5.837852172362498759e-01
5.836461595999888896e-01
5.844681926262684790e-01
5.844106295169928522e-01
5.812550225319006447e-01
5.828717240920433529e-01
5.826480935781429560e-01
5.826087954716804296e-01
5.832606709920442611e-01
5.861960894022232305e-01
5.818411827087401900e-01
5.806623015648278985e-01
5.853811455078613557e-01
5.845285097757975112e-01
5.788139408979660061e-01
5.792854599463633791e-01
5.808905627482976453e-01
5.842361523554875369e-01
5.821990856757530697e-01
5.843031519498580462e-01
5.842451217846992284e-01
5.828014352382757668e-01
5.850704779991736659e-01
5.818141533778263819e-01
5.837721894948910695e-01
5.849328603499974744e-01
5.798471964322603478e-01
5.812394336248055682e-01
5.856936301940526279e-01
5.801472252760178083e-01
5.843806685545505086e-01
5.802474581278287413e-01
5.846356251300909301e-01
5.808897759669866545e-01
5.838146622364337457e-01
5.848958104084699405e-01
5.829813248071915588e-01
5.809508717977083236e-01
5.852457486666166053e-01
5.809488755006056993e-01
5.797425270080566184e-01
5.813764715806032379e-01
5.808678648410698919e-01
5.839247728005433347e-01
5.793672969708075771e-01
5.828857978185018052e-01
5.842269252508114352e-01
5.836580424736708128e-01
5.795020682689471236e-01
5.822566186770414820e-01
5.827447930971781931e-01
5.823128581047057883e-01
5.854715892901787289e-01
5.842317920464735748e-01
5.823457302191318297e-01
5.773790318232315810e-01
5.830705202542818544e-01
5.854012804153637672e-01
5.854447378562046556e-01
5.839493931868137144e-01
5.826040026469108124e-01
5.879505188037187358e-01
5.832788452123984779e-01
5.855147337302183397e-01
5.878321302242768276e-01
5.836742706787891866e-01
5.799473230655376454e-01
5.791189941076132497e-01
5.822251867025326488e-01
5.816954236764174668e-01
5.793936952566489662e-01
5.838687792802468302e-01
5.826933263204037150e-01
5.843365268829541215e-01
5.838216011340801037e-01
5.828467240700354601e-01
5.805896450311709422e-01
5.802227471119317803e-01
5.829653533605428928e-01
5.817947256259429212e-01
5.819466427350655779e-01
5.854437910593472960e-01
5.793446435378147852e-01
5.816928753486045878e-01
5.839086002264267661e-01
5.830476806713984494e-01
5.824935769423460474e-01
5.828555191174531469e-01
5.854471059945913769e-01
5.837791852461986508e-01
5.815384708918057699e-01
5.822385118557856787e-01
5.803017530685815606e-01
5.818663636843363074e-01
5.831567564071753473e-01
5.851115040290050251e-01
5.825139638705131295e-01
5.833677857350080265e-01
5.837715225341992831e-01
5.814478073364649502e-01
5.794372972769614716e-01
5.830297552622281110e-01
5.833988874386518697e-01
5.842593526228879730e-01
5.845122950199322931e-01
5.851902041679774014e-01
5.843957790961632481e-01
5.832411929582937971e-01
5.808487123403793806e-01
5.780700992315243036e-01
5.835428752960303278e-01
5.821374197800953665e-01
5.852718773560646737e-01
5.866851812753921536e-01
5.816259086132049561e-01
5.826109910622621069e-01
5.833539926088773253e-01
5.813090154757866168e-01
5.820877145498226657e-01
5.893345647897475503e-01
5.877508304057976751e-01
5.838952770599952213e-01
5.843998212080735444e-01
5.843224974778982173e-01
5.825269960440122574e-01
5.825247559791956187e-01
5.850800615090590018e-01
5.876892013427538197e-01
5.823241603680145984e-01
5.845267998866545689e-01
5.824247222680312142e-01
5.794930834036606804e-01
5.841032439317458413e-01
5.795146141296777520e-01
5.824019202819237240e-01
5.830433122622661335e-01
5.824005004687187181e-01
5.811716581002259741e-01
5.827748488157223905e-01
5.824859156058385112e-01
5.871644823979108585e-01
