5.528846153846154188e-01
5.905448717948718063e-01
6.285256410256410131e-01
6.577724358974359475e-01
6.694310897435897800e-01
6.835737179487179072e-01
6.986778846153846034e-01
7.051682692307692513e-01
7.115785256410256387e-01
7.162259615384615197e-01
7.225160256410256832e-01
7.307291666666666519e-01
7.390224358974358809e-01
7.443108974358974006e-01
7.456730769230769384e-01
7.550881410256410353e-01
7.595352564102564319e-01
7.624999999999999556e-01
7.678285256410256610e-01
7.701121794871794712e-01
7.707532051282051100e-01
7.735977564102564097e-01
7.792067307692307487e-01
7.809695512820512553e-01
7.854567307692307265e-01
7.846955128205128638e-01
7.817708333333333037e-01
7.871794871794871584e-01
7.903846153846153522e-01
7.864182692307691847e-01
7.891826923076923350e-01
7.934294871794871362e-01
7.925881410256410131e-01
7.929086538461538325e-01
7.868990384615384137e-01
7.979967948717948678e-01
7.878205128205127972e-01
7.933092948717949122e-01
7.951923076923076428e-01
7.926282051282050878e-01
7.925080128205128638e-01
7.909855769230769162e-01
7.977564102564103088e-01
7.951923076923076428e-01
7.904246794871795379e-01
7.936698717948718063e-01
7.933092948717949122e-01
7.919070512820512997e-01
7.967147435897435903e-01
7.953124999999999778e-01
