7.429547279309003383e-01
6.692948760130466024e-01
6.394400599675300612e-01
6.196423955452747823e-01
6.063089135365608007e-01
5.959578364323346866e-01
5.839290553178542176e-01
5.761946823352422919e-01
5.714462726544111693e-01
5.607070768490816093e-01
5.572591873315664301e-01
5.449594201185764542e-01
5.442322871623894720e-01
5.304153801539005508e-01
5.300732429210955887e-01
5.243399202823638694e-01
5.107675352157690085e-01
5.088847742630885351e-01
5.067290325959523667e-01
5.031967279238578339e-01
4.970340634003663771e-01
4.906518022219339970e-01
4.860899248184302190e-01
4.827395535432375540e-01
4.793662092624566551e-01
4.766126047342251759e-01
4.791011897417215004e-01
4.713744787069467646e-01
4.688923481183174258e-01
4.698816858805142660e-01
4.738214948238470559e-01
4.637755530002789506e-01
4.659314348147465812e-01
4.660369848593687303e-01
4.728415250778198464e-01
4.596915598099048372e-01
4.726956210075280440e-01
4.641921397967216367e-01
4.643466003430195554e-01
4.631232544397696493e-01
4.664020912769513139e-01
4.670590234108460415e-01
4.590669844395074972e-01
4.615080584318209667e-01
4.635616131317921162e-01
4.635428115343436239e-01
4.620962384419563529e-01
4.660172728391794306e-01
4.594906554772303919e-01
4.631275219795031317e-01
