7.929335282399103679e-01
6.757050514221191184e-01
6.332601519731374529e-01
6.181660676613832672e-01
6.087541806392180455e-01
5.922446452654325233e-01
5.732975296485118832e-01
5.662373509162511587e-01
5.600069716954843013e-01
5.494248675994384268e-01
5.494574679778172488e-01
5.433120924692887987e-01
5.385391426392091008e-01
5.295776660625751697e-01
5.293338654897151718e-01
5.200024853914212430e-01
5.111468681922325397e-01
5.053533491415854728e-01
5.029749179497743361e-01
4.990911635068746577e-01
4.964430938928555137e-01
4.949734200269748086e-01
4.940276252917754074e-01
4.917103240123161800e-01
4.912905566203288332e-01
4.900763218219463813e-01
4.879163894897852183e-01
4.938170624084961546e-01
4.913715104262034172e-01
4.883131924347999808e-01
4.903452833493550655e-01
4.834589168047293550e-01
4.928036226676060783e-01
4.896436871626438370e-01
4.904684109565539130e-01
4.917779346307118993e-01
4.868125403538728357e-01
4.916229154819097280e-01
4.906812134461525088e-01
4.870615274478227730e-01
