5.378605769230768718e-01
5.974358974358974228e-01
6.306490384615384137e-01
6.470753205128204621e-01
6.586939102564102200e-01
6.793669871794871806e-01
6.981971153846153744e-01
6.995192307692307265e-01
7.054086538461538103e-01
7.131410256410256610e-01
7.068509615384614975e-01
7.213541666666666297e-01
7.251602564102563875e-01
7.336538461538461009e-01
7.372996794871794490e-01
7.457131410256410131e-01
7.532051282051281937e-01
7.581330128205128194e-01
7.572916666666666963e-01
7.627804487179487003e-01
7.661858974358974894e-01
7.662259615384615641e-01
7.671073717948717618e-01
7.673878205128205066e-01
7.683493589743589647e-01
7.707131410256410353e-01
7.661858974358974894e-01
7.673878205128205066e-01
7.674278846153845812e-01
7.668669871794872028e-01
7.667067307692307931e-01
7.740785256410256387e-01
7.653445512820512553e-01
7.689903846153846034e-01
7.670272435897436125e-01
7.667067307692307931e-01
7.729567307692307709e-01
7.657051282051282604e-01
7.671073717948717618e-01
7.711538461538461897e-01
