4.943843379616737477e-01
4.311000525951385609e-01
3.930114820599556191e-01
3.652239710092544667e-01
3.562668696045875327e-01
3.208172991871833801e-01
3.142673373222351074e-01
2.977233469486236794e-01
2.936525583267212136e-01
2.844251736998558155e-01
2.652806550264358298e-01
2.638765349984169006e-01
2.659782454371452109e-01
2.635179877281189076e-01
2.553585812449455372e-01
2.457008257508278004e-01
2.549486353993415944e-01
2.567720599472522736e-01
2.524272210896015278e-01
2.478603959083557073e-01
2.472326107323169764e-01
2.447774320840835627e-01
2.403293043375015203e-01
2.471530199050903376e-01
2.457393102347850689e-01
2.378714665770530756e-01
2.404700689017772730e-01
2.427074819803237971e-01
2.398032337427139227e-01
2.462165467441082001e-01
2.358528450131416321e-01
2.360973760485648998e-01
2.363713577389717213e-01
2.338629327714443207e-01
2.374328851699828991e-01
2.304760746657848469e-01
2.328822754323482402e-01
2.375412955880165100e-01
2.306269146502017975e-01
2.292462892830371968e-01
2.276334747672081049e-01
2.244376055896282196e-01
2.230418339371681158e-01
2.253932297229766790e-01
2.381831012666225378e-01
2.231432236731052399e-01
2.226290419697761480e-01
2.261826708912849371e-01
2.285944044589996449e-01
2.325816459953785054e-01
2.229370474815368652e-01
2.220750041306018829e-01
2.241238839924335480e-01
2.246470652520656530e-01
2.279107868671417236e-01
2.155352905392646790e-01
2.194372713565826416e-01
2.198904499411583058e-01
2.254002533853053936e-01
2.259683288633823339e-01
2.090777359902858679e-01
2.200935930013656616e-01
2.188912682235240881e-01
2.249907582998275646e-01
2.217437729239463695e-01
2.133382230997085682e-01
2.168857976794242859e-01
2.181581035256385803e-01
2.169514589011669048e-01
2.183791242539882549e-01
