5.344000056385993513e-01
5.723999962210655212e-01
6.027999997138977495e-01
6.259999990463256392e-01
6.320000052452087180e-01
6.821999907493591087e-01
6.805999964475631936e-01
6.933999955654144287e-01
6.971999973058700117e-01
7.049999952316283736e-01
7.179999947547912598e-01
7.197999984025955644e-01
7.088000029325485229e-01
6.992000013589858565e-01
7.201999962329864724e-01
7.254000008106231689e-01
7.058000087738036665e-01
7.095999956130981667e-01
7.165999948978424294e-01
7.211999982595443948e-01
7.084000021219253318e-01
7.199999958276748213e-01
7.218000054359435813e-01
7.184000045061111894e-01
7.148000001907348633e-01
7.226000010967255083e-01
7.223999977111816850e-01
7.192000031471252885e-01
7.194000005722045454e-01
7.155999988317489624e-01
7.171999961137771606e-01
7.286000013351440208e-01
7.188000023365020974e-01
7.192000031471252885e-01
7.169999986886977927e-01
7.278000056743622048e-01
7.279999881982803789e-01
7.177999973297118919e-01
7.309999972581863181e-01
7.361999928951263872e-01
7.210000038146973100e-01
7.342000007629394531e-01
7.404000073671340720e-01
7.365999996662140337e-01
7.141999959945678489e-01
7.281999945640563743e-01
7.356000006198882835e-01
7.351999968290329202e-01
7.266000032424926314e-01
7.182000011205673662e-01
7.307999968528747781e-01
7.304000049829483254e-01
7.328000009059906228e-01
7.262000054121017234e-01
7.284000039100646529e-01
7.403999954462051614e-01
7.368000030517578569e-01
7.400000035762787087e-01
7.285999894142151101e-01
7.263999998569488081e-01
7.458000004291533980e-01
7.332000017166138139e-01
7.412000030279159990e-01
7.302000015974045022e-01
7.340000033378600852e-01
7.462000042200088723e-01
7.390000015497207864e-01
7.317999958992004172e-01
7.352000057697296587e-01
7.405999958515167014e-01
