1.023787480592727617e+00
8.921695232391357866e-01
8.110404759645462036e-01
7.401653409004211870e-01
7.373942524194717629e-01
7.254729941487312317e-01
6.944408953189850076e-01
6.772778302431106123e-01
6.851385027170181496e-01
6.325011819601058516e-01
6.667884364724159241e-01
6.210589379072188887e-01
6.621155053377151267e-01
6.163288533687591997e-01
6.315573096275329812e-01
6.066894799470901045e-01
6.065711989998817666e-01
6.001934587955475298e-01
5.677682206034659895e-01
5.590866193175315635e-01
5.827240526676178423e-01
5.657400593161583391e-01
5.432227954268455949e-01
5.269624650478362815e-01
5.257779210805892944e-01
5.724156513810157998e-01
5.683748811483383401e-01
5.316564142704010010e-01
5.713648945093154907e-01
5.681922495365142600e-01
5.585290282964706643e-01
4.965544149279594310e-01
5.575328320264816284e-01
5.407092615962028059e-01
5.299384295940399170e-01
5.499338671565056069e-01
5.765039905905723350e-01
5.411698788404464278e-01
5.345388159155846086e-01
5.047065913677215576e-01
5.331450358033180681e-01
4.985405877232551575e-01
5.403517693281173484e-01
5.406227424740791543e-01
5.427529290318489075e-01
5.360192909836769548e-01
5.646597981452942117e-01
5.098009958863258806e-01
5.154929831624031067e-01
4.737306356430053822e-01
5.436801075935363547e-01
5.065670937299728838e-01
4.659786552190780529e-01
5.058066859841346963e-01
5.496577993035316467e-01
5.036784440279007402e-01
5.325867787003517595e-01
5.177191779017448203e-01
4.789011314511298911e-01
4.830749988555907981e-01
5.374841541051864624e-01
5.142129242420196977e-01
4.873244225978851096e-01
5.279179438948631287e-01
4.801027491688728555e-01
4.702461823821068032e-01
4.619396150112152211e-01
5.126142248511313948e-01
4.895299106836318859e-01
4.946124628186225891e-01
4.885227844119072182e-01
5.113062128424644692e-01
4.513309568166732899e-01
5.005900800228119119e-01
5.101754069328308105e-01
4.976619586348533519e-01
4.729477494955062755e-01
4.826085031032562034e-01
4.764402613043784984e-01
5.147784143686294778e-01
4.681145817041397206e-01
4.835068479180336110e-01
4.699380874633788951e-01
4.679873645305633323e-01
4.420212820172310098e-01
5.063695460557937622e-01
4.803113579750061257e-01
5.035431548953056557e-01
4.517102807760238758e-01
5.076613202691078186e-01
5.027183458209038003e-01
4.851065561175346152e-01
5.072361484169960466e-01
4.395185872912407143e-01
4.990312248468399270e-01
4.812318786978721508e-01
4.804275810718536266e-01
4.745001211762428506e-01
4.514238432049751393e-01
4.759684711694717185e-01
5.020247742533683333e-01
4.828360095620155557e-01
4.497687667608261108e-01
4.799360871315002663e-01
5.093732640147209390e-01
4.583240956068038718e-01
4.977352008223533408e-01
4.957545220851898304e-01
4.858131989836692588e-01
5.089312300086021867e-01
5.021058872342110124e-01
4.656132228672504314e-01
4.732954829931259044e-01
4.716370269656181557e-01
4.941757977008819358e-01
4.896712198853492848e-01
4.902704849839210621e-01
4.176343247294426186e-01
4.394472941756248363e-01
4.388892889022827370e-01
4.798491045832634083e-01
4.808618307113647350e-01
5.074205115437507851e-01
5.005355462431907432e-01
4.949702501296996959e-01
5.127576991915703264e-01
4.735750183463096619e-01
4.762036964297294839e-01
5.027928546071052107e-01
4.829546630382537953e-01
4.716320753097534291e-01
4.647535949945449940e-01
4.676889613270759360e-01
4.580998674035072216e-01
4.558708280324935691e-01
4.468679025769233815e-01
5.295803248882293701e-01
4.534971565008163452e-01
4.704676643013954163e-01
4.604946583509444968e-01
4.496029213070869557e-01
4.640289470553398132e-01
4.388461738824844249e-01
4.494122132658958657e-01
4.629612207412719949e-01
5.075279951095581499e-01
4.504238605499267800e-01
4.496083587408065685e-01
4.625206232070923074e-01
4.525075390934943931e-01
4.651398167014121898e-01
5.064672157168388367e-01
4.793005719780921714e-01
4.977280929684638755e-01
4.820507377386092918e-01
4.759439960122108237e-01
4.744771569967269897e-01
4.657985970377921947e-01
4.974451959133148193e-01
4.530065685510635265e-01
4.387405484914779774e-01
4.648028343915939220e-01
4.803652107715606911e-01
4.761692568659782188e-01
4.722350686788558960e-01
4.237002208828926086e-01
4.479363635182380676e-01
4.765000343322753906e-01
4.613755911588668934e-01
5.026218384504318459e-01
4.357460990548133739e-01
4.536511182785034069e-01
4.698835939168929943e-01
4.402619391679764016e-01
4.681971862912178151e-01
4.485714808106422424e-01
4.303593873977661355e-01
4.896098956465720908e-01
4.871522739529609569e-01
4.683156609535217285e-01
4.810762181878089905e-01
4.597584590315818565e-01
4.634474247694015392e-01
4.464037224650382885e-01
4.572020977735519187e-01
4.616546049714088662e-01
4.426607437431812064e-01
4.503098234534263500e-01
4.176890790462494119e-01
4.984221920371055825e-01
4.537487834692001121e-01
4.644678786396980175e-01
4.800076141953468212e-01
4.348963975906371959e-01
4.542047217488288657e-01
4.057105891406536102e-01
4.731557078659534565e-01
4.661252096295356862e-01
4.620992958545684925e-01
4.474999651312828175e-01
4.321235954761505349e-01
4.376432552933692821e-01
4.407597571611404641e-01
4.545574247837066428e-01
4.672033086419105641e-01
4.591964796185493691e-01
4.730771616101264732e-01
4.834565401077270397e-01
4.615085005760192760e-01
4.686905488371849171e-01
4.220011867582798004e-01
4.499634608626365551e-01
4.535383641719817893e-01
4.596967831254005210e-01
4.711153358221054077e-01
4.703153118491172902e-01
4.289232328534126060e-01
4.907459348440170177e-01
4.753155477344989666e-01
4.436252027750015037e-01
4.778123766183853260e-01
4.683323532342910656e-01
4.285830557346343994e-01
4.499213486909866555e-01
4.682589754462241904e-01
4.362573042511940224e-01
4.515388697385788186e-01
4.262934684753417747e-01
4.622847437858581543e-01
4.611052721738815308e-01
4.343649104237556346e-01
4.569529965519905090e-01
4.323575399816036446e-01
4.229623198509216420e-01
4.500063091516494640e-01
4.601241528987884410e-01
4.508213087916373984e-01
4.726133316755294911e-01
4.513729050755500571e-01
4.556935548782348744e-01
4.577749133110046165e-01
4.302783355116844288e-01
4.327649101614952087e-01
4.241950675845146401e-01
4.376177892088889965e-01
4.664330437779426464e-01
4.567013874650001637e-01
4.366521522402763145e-01
4.760101959109306335e-01
4.262508712708950043e-01
4.610374838113784901e-01
4.245635256171226279e-01
4.399685278534889443e-01
4.377938166260719188e-01
4.643761605024337991e-01
3.860864125192165486e-01
4.252357393503188865e-01
4.339418902993202320e-01
4.768747657537460438e-01
4.470141336321830638e-01
5.001594185829162376e-01
4.231429770588874817e-01
4.348364949226379284e-01
4.565397441387176736e-01
4.289523512125015259e-01
3.733000241219997517e-01
4.260650053620338440e-01
4.846705421805381775e-01
4.556109815835952537e-01
4.676525741815567017e-01
4.386909246444702370e-01
4.351773962378501781e-01
4.613870382308959961e-01
4.201709657907485851e-01
4.466402903199195862e-01
4.903576850891113170e-01
4.689909517765045166e-01
4.422750651836395153e-01
4.144648402929306252e-01
4.318135842680931313e-01
4.484833583235740551e-01
4.476127907633781211e-01
4.484313979744911083e-01
4.463084697723388450e-01
4.074769720435142406e-01
4.353314012289047352e-01
4.618311062455177085e-01
4.504669442772865073e-01
4.628283530473709106e-01
4.348276451230049244e-01
4.543211162090301514e-01
4.515914797782897838e-01
4.228816732764243969e-01
4.811788707971572654e-01
4.279961556196212880e-01
4.197700083255767600e-01
4.392112448811530956e-01
4.399619713425636514e-01
4.493779420852661022e-01
4.772956520318984985e-01
4.169044777750968711e-01
4.149243012070655823e-01
4.448759704828262329e-01
4.536866009235381858e-01
4.116506718099117168e-01
4.361382752656936534e-01
4.270421639084815979e-01
4.464532509446144104e-01
4.362865403294563516e-01
4.334261551499366538e-01
4.132300212979316822e-01
4.555678173899650463e-01
4.550301134586334229e-01
4.536175519227981789e-01
3.980683252215385659e-01
4.354076415300369152e-01
4.565701007843017689e-01
4.536357268691063038e-01
4.840934768319130055e-01
4.176856853067875130e-01
4.359981417655944824e-01
4.220886752009391785e-01
3.961047649383545033e-01
4.457969844341277965e-01
4.251433797180652618e-01
3.975924134254455455e-01
4.173042528331279977e-01
4.152563631534576527e-01
4.330953404307365529e-01
4.121144205331802590e-01
4.475142002105713113e-01
4.176466107368469460e-01
4.224483266472816578e-01
4.057938188314437755e-01
4.177497252821922302e-01
4.119747906923293956e-01
4.405173450708389504e-01
4.709517687559127697e-01
4.388057813048362732e-01
4.537772700190544350e-01
4.078727617859840282e-01
4.504731044173240773e-01
4.396290823817253224e-01
4.640399567782879098e-01
4.547689646482467873e-01
3.894701056182384713e-01
4.425865918397903220e-01
4.894406899809837230e-01
4.096835002303123585e-01
4.125425636768341175e-01
4.006721183657646068e-01
4.543697535991668701e-01
4.748126715421676636e-01
4.399875342845916970e-01
4.221628889441489951e-01
4.377729557454586029e-01
4.594283446669578663e-01
4.161080174148082955e-01
4.368155807256698386e-01
4.274738907814025768e-01
4.394582152366638406e-01
4.070123627781868092e-01
4.442603692412376293e-01
4.392871409654617310e-01
4.201552748680114635e-01
3.988868750631809346e-01
4.176245450973510853e-01
4.055060669779777527e-01
4.356989964842796215e-01
4.244866140186786541e-01
4.424584813416004292e-01
4.214259952306747548e-01
4.366526827216148376e-01
4.295829445123672263e-01
4.614178374409675376e-01
4.243951439857482910e-01
3.960222318768501504e-01
3.998810231685638317e-01
4.567712359130382538e-01
4.506561145186424033e-01
4.119939684867858776e-01
4.648147806525230186e-01
4.328452676534652599e-01
4.496929280459880940e-01
3.990982696413993835e-01
4.271792054176330455e-01
4.627621591091156117e-01
4.461452811956405640e-01
4.270856574177742115e-01
4.052863195538520813e-01
4.199944928288459889e-01
4.216224923729896545e-01
3.954827889800071605e-01
4.657661497592925914e-01
4.123402237892150879e-01
3.790526337921619193e-01
4.420020967721939309e-01
4.124316863715648540e-01
4.486234448850154877e-01
4.951809689402580372e-01
4.162591956555843353e-01
4.458099097013473733e-01
3.880441248416900413e-01
4.133986435830593331e-01
4.390805080533027871e-01
4.175492987036705239e-01
4.129325434565543906e-01
4.070653155446052329e-01
4.540888056159019248e-01
4.489675253629684670e-01
4.086882881820201874e-01
4.466473996639251931e-01
4.283274158835411183e-01
4.277454189956187980e-01
3.770745091140270122e-01
4.279717221856117471e-01
4.261482089757919201e-01
4.300623491406440624e-01
4.200666114687919839e-01
4.105555266141891479e-01
4.025044679641723855e-01
4.073493301868438832e-01
4.387212038040161355e-01
4.343261167407035939e-01
4.031253919005394204e-01
4.179502487182616965e-01
4.257159218192100303e-01
4.405830666422844155e-01
4.381532311439514382e-01
4.067683517932891846e-01
4.416377887129783741e-01
4.077653706073761097e-01
4.540270507335663064e-01
4.449072599411010853e-01
3.988652870059013478e-01
4.290231160819530376e-01
4.105008438229560963e-01
4.323537304997444042e-01
4.358034104108810536e-01
4.578824132680893166e-01
4.188142582774162515e-01
4.423791855573654397e-01
4.447824671864509805e-01
4.250834867358207481e-01
4.500113926827907784e-01
4.107349351048469321e-01
4.673433840274811013e-01
4.215062856674194336e-01
3.916154749691486137e-01
4.133157037198543771e-01
4.065285250544548035e-01
3.690059266984462849e-01
4.148398637771606445e-01
4.369579672813415638e-01
4.109307937324047089e-01
3.791698485612869374e-01
3.957614973187446594e-01
4.385585620999336021e-01
4.116033367812633736e-01
4.257129192352294700e-01
4.594767853617668374e-01
4.537109367549419514e-01
4.572203591465949790e-01
3.853965006768703683e-01
