8.198228448629378828e-01
7.672946542501449807e-01
7.232965588569640891e-01
7.085076183080672996e-01
6.969776630401611772e-01
6.874218404293059859e-01
6.730126440525054932e-01
6.735762029886245283e-01
6.692931145429611428e-01
6.644017159938812034e-01
6.754486888647079912e-01
6.605723112821578757e-01
6.577449649572372214e-01
6.495923310518264548e-01
6.629633456468582153e-01
6.518571794033050093e-01
6.580475389957427534e-01
6.535593301057815996e-01
6.373978048563003762e-01
6.424894064664841142e-01
6.444487154483795610e-01
6.451242238283156905e-01
6.399671196937560813e-01
6.350896209478378296e-01
6.394820779561996016e-01
6.194179385900497881e-01
6.290744900703429954e-01
6.227619498968124390e-01
6.314611643552779929e-01
6.437373101711273415e-01
6.263502568006515947e-01
6.197250694036483543e-01
6.284329384565353616e-01
6.150240778923035112e-01
6.245694071054458396e-01
6.172199994325637817e-01
6.157714962959289773e-01
6.170573145151138084e-01
6.067554175853728804e-01
6.196640104055404219e-01
6.166346549987793413e-01
6.124033033847808838e-01
6.048363715410232100e-01
6.239271551370620950e-01
6.044868111610413042e-01
6.060722708702087624e-01
6.199843883514404297e-01
6.043415963649749756e-01
5.990813374519348145e-01
6.147816866636276467e-01
5.932395905256271362e-01
5.966872930526733176e-01
6.012257248163223045e-01
5.936505645513534546e-01
5.902835547924041304e-01
5.936474233865738359e-01
5.962437391281127930e-01
5.915774315595626609e-01
5.961204528808593528e-01
5.910736829042434470e-01
5.948276132345199363e-01
5.840094625949859841e-01
5.941153079271316306e-01
5.901156574487685935e-01
5.990537524223327193e-01
5.816048771142959817e-01
5.833934873342514482e-01
5.815581023693084939e-01
5.983411163091659768e-01
5.826908111572265403e-01
5.917072594165802002e-01
5.849680215120315330e-01
5.906002372503280640e-01
5.864479154348373191e-01
5.961624294519424216e-01
5.823433369398116621e-01
5.878166884183884111e-01
5.865375131368637529e-01
5.890822738409042802e-01
5.926054924726485984e-01
5.840442806482315508e-01
5.902467936277389082e-01
5.792322725057601485e-01
5.903664737939834373e-01
5.845920205116271751e-01
5.779188603162765947e-01
