5.295999988913535628e-01
5.496000006794929948e-01
5.635999977588653786e-01
5.755999952554702315e-01
5.855999976396560891e-01
5.974000096321105957e-01
6.015999943017960039e-01
6.155999958515167014e-01
6.087999999523162620e-01
6.157999962568283525e-01
6.030000060796737449e-01
6.076000005006789717e-01
6.187999993562698364e-01
6.174000024795531782e-01
6.152000010013580766e-01
6.237999975681305376e-01
6.155999958515167014e-01
6.197999984025954756e-01
6.400000005960464478e-01
6.294000059366225974e-01
6.371999979019165039e-01
6.370000004768371360e-01
6.376000016927718672e-01
6.434000074863434060e-01
6.312000006437301636e-01
6.473999977111816184e-01
6.515999972820282204e-01
6.508000016212462935e-01
6.483999997377395408e-01
6.410000026226043701e-01
6.518000006675720437e-01
6.664000004529953003e-01
6.494000017642974631e-01
6.634000033140182717e-01
6.567999988794326338e-01
6.602000057697295921e-01
6.598000019788742287e-01
6.655999988317489180e-01
6.740000009536742942e-01
6.616000086069107056e-01
6.659999996423721091e-01
6.615999966859817949e-01
6.728000044822692871e-01
6.569999992847442849e-01
6.785999983549118042e-01
6.675999969244003074e-01
6.572000056505202803e-01
6.707999974489211592e-01
6.882000058889389260e-01
6.618000000715256181e-01
6.824000000953673872e-01
6.888000071048736572e-01
6.752000033855438677e-01
6.877999991178512795e-01
6.782000005245208962e-01
6.865999996662139893e-01
6.811999976634979248e-01
6.842000037431716919e-01
6.817999988794326560e-01
6.827999979257584062e-01
6.832000046968460527e-01
6.934000015258788840e-01
6.826000005006790383e-01
6.881999999284744707e-01
6.849999964237213357e-01
7.002000063657760620e-01
6.967999994754791038e-01
6.980000019073486772e-01
6.879999965429306474e-01
7.007999986410140547e-01
6.851999968290328757e-01
6.972000032663345781e-01
6.884000003337860107e-01
6.878000020980834517e-01
6.902000039815903154e-01
6.983999937772751299e-01
6.891999989748001099e-01
6.921999990940094216e-01
6.921999990940094216e-01
6.820000052452087624e-01
6.944000065326690896e-01
6.903999924659729448e-01
6.993999987840652244e-01
6.819999992847443071e-01
6.933999985456467119e-01
6.992000043392181396e-01
