8.607143261493780395e-01
6.945927696350293612e-01
6.251834634022834791e-01
5.752106289068857903e-01
5.564905116191276591e-01
5.375856916109721384e-01
5.222595703907502163e-01
5.128169180491031209e-01
5.097812174222408066e-01
4.952413838643294208e-01
4.974771608144809010e-01
4.928807477156321171e-01
4.851465150331839560e-01
4.740349361529717087e-01
4.750202521299704550e-01
4.799142206326509341e-01
4.705842033410683745e-01
4.689656502161270724e-01
4.632563612399956954e-01
4.643229409670218688e-01
4.603281945754320037e-01
4.574484128218430645e-01
4.521368425626021148e-01
4.527434324606871008e-01
4.502046284003135557e-01
