5.377403846153846478e-01
6.143830128205127750e-01
6.755208333333333481e-01
7.167467948717948234e-01
7.350560897435897134e-01
7.502804487179487447e-01
7.631410256410255943e-01
7.702323717948718063e-01
7.729967948717948456e-01
7.835737179487179960e-01
7.804086538461538769e-01
7.847756410256410131e-01
7.885416666666666963e-01
7.961137820512820262e-01
7.971955128205128194e-01
7.941506410256410353e-01
8.007211538461538325e-01
8.012820512820513219e-01
8.040865384615384359e-01
8.059294871794872028e-01
8.079727564102564541e-01
8.113381410256410575e-01
8.120192307692307709e-01
8.114182692307692069e-01
8.144631410256409909e-01
