0.000000000000000000e+00
0.000000000000000000e+00
0.000000000000000000e+00
0.000000000000000000e+00
0.000000000000000000e+00
0.000000000000000000e+00
0.000000000000000000e+00
0.000000000000000000e+00
0.000000000000000000e+00
2.401383196721311431e-05
5.443135245901638882e-04
5.483158299180328210e-03
2.876056608606557263e-02
8.591348616803279326e-02
1.850265753073770392e-01
2.985399590163934636e-01
3.994700947745901676e-01
4.760261910860655865e-01
5.363249231557376540e-01
5.831518954918032405e-01
6.213338883196721785e-01
6.522637038934425702e-01
6.773181352459016757e-01
6.951764216188525136e-01
7.023965804303278215e-01
6.867555712090164244e-01
6.394323130122950838e-01
5.632204149590164244e-01
4.781073898565573743e-01
4.286228867827868716e-01
4.057937371926229608e-01
3.875272156762294973e-01
3.701091828893442459e-01
3.563652663934426257e-01
3.470318903688524581e-01
3.444143826844262568e-01
3.398037269467212851e-01
3.363457351434426257e-01
3.328877433401639108e-01
3.299340420081967040e-01
3.299660604508196649e-01
3.275166495901639108e-01
3.280849769467212851e-01
3.256755891393442459e-01
3.265320824795082122e-01
3.260918288934426257e-01
3.254514600409836311e-01
