4.854644080068243994e+01
3.483119051378281483e+01
2.608973608251477927e+01
2.007512099430209318e+01
1.583080972608972736e+01
1.266198430491275495e+01
1.026034106827172998e+01
8.383612152494368530e+00
6.931688007761220405e+00
5.810892460776156732e+00
4.910553466101161391e+00
4.216854862990926378e+00
3.631246987669194404e+00
3.152750370688125692e+00
2.748057200527581845e+00
2.398246648492383226e+00
2.099199074580043956e+00
1.839395726069075199e+00
1.609603157297509579e+00
1.405306097547538879e+00
1.223024171090028256e+00
1.063990146715621421e+00
9.264711314415345900e-01
8.031974204922797123e-01
6.937559852529255888e-01
6.005321745989752324e-01
5.167782588510728692e-01
4.449609119261874746e-01
3.833152084443413044e-01
3.461023164821452891e-01
3.299145891376938922e-01
3.125135672171829304e-01
2.963491048602784339e-01
2.810935015927572556e-01
2.723515765955213386e-01
2.671798347480228708e-01
2.629071811336229914e-01
2.584249734970145429e-01
2.538529542564857411e-01
2.510803200182367689e-01
2.497506943058039330e-01
2.485538488559302650e-01
2.477805610654539858e-01
2.457607294142734877e-01
2.455765286491053967e-01
2.450045218355343113e-01
2.443814381621167431e-01
