4.985176282051281826e-01
5.142628205128204621e-01
5.148637820512820262e-01
5.224759615384615419e-01
5.304086538461538769e-01
5.415865384615384803e-01
5.441907051282051100e-01
5.465945512820512553e-01
5.610977564102563875e-01
5.564903846153845812e-01
5.672676282051282159e-01
5.740785256410256832e-01
5.757211538461538547e-01
5.836137820512820040e-01
5.881009615384615863e-01
5.912259615384615197e-01
5.996394230769230838e-01
5.949919871794872028e-01
6.044070512820512997e-01
6.041266025641025550e-01
6.075721153846154188e-01
6.148637820512820040e-01
6.203926282051281937e-01
6.211939102564102422e-01
6.277243589743589647e-01
6.226762820512820040e-01
6.350560897435897356e-01
6.325320512820512553e-01
6.405849358974359253e-01
6.442708333333333481e-01
6.447916666666666519e-01
6.422676282051281715e-01
6.489182692307692291e-01
6.490785256410256387e-01
6.496794871794872028e-01
6.559294871794871806e-01
6.560897435897435903e-01
6.591346153846153744e-01
6.608573717948718063e-01
6.657451923076923572e-01
6.675881410256410131e-01
6.682291666666666519e-01
6.747195512820512997e-01
6.750000000000000444e-01
6.703525641025640525e-01
6.805288461538461231e-01
6.762820512820513219e-01
6.840144230769230616e-01
6.876201923076923350e-01
6.851362179487179294e-01
6.824919871794872250e-01
6.896233974358974006e-01
6.906650641025641191e-01
6.917868589743589869e-01
6.978766025641025550e-01
7.000400641025641413e-01
6.955929487179487447e-01
6.955528846153846700e-01
6.973958333333333259e-01
6.981570512820512997e-01
7.017628205128204621e-01
6.994391025641025772e-01
6.974358974358974006e-01
7.009615384615384137e-01
7.026842948717948456e-01
6.986778846153846034e-01
7.009615384615384137e-01
7.017227564102563875e-01
