1.178602778911590487e+00
1.125093482396541500e+00
1.127382401013985680e+00
1.104150231984945441e+00
1.084854821975414607e+00
1.059747976523179203e+00
1.047185244927039571e+00
1.038353256078866860e+00
1.009105190252646445e+00
1.007246114046145724e+00
9.940326161873646038e-01
9.737550845512976672e-01
9.715193228843884699e-01
9.536647435946342677e-01
9.484936818098410605e-01
9.357226270895737663e-01
9.178172313250028136e-01
9.258169871110182303e-01
9.073301009642772419e-01
9.056603012940822595e-01
8.889734616646399745e-01
8.836631725995968134e-01
8.760310726288037531e-01
8.720448335011800056e-01
8.598963165894533134e-01
8.649242859620314139e-01
8.416701634724934600e-01
8.451284182377351017e-01
8.446129193672766711e-01
8.312012430949088371e-01
8.315197125459328209e-01
8.306880428240849268e-01
8.144352955695910445e-01
8.157751321792602317e-01
8.078723980830265772e-01
7.962965448697407744e-01
8.021376010699149406e-01
7.968444044773395074e-01
7.968159155967907692e-01
7.837728362817030225e-01
7.798244488544953112e-01
7.788273640168018597e-01
7.690510624494307779e-01
7.740771846893506059e-01
7.749407670436760931e-01
7.601702372233073435e-01
7.635352813280545936e-01
7.506076876933758246e-01
7.499913530471997714e-01
7.481830590810530923e-01
7.558064983441279416e-01
7.450230699319105865e-01
7.438494917673942330e-01
7.346870477382952958e-01
7.297840644151736278e-01
7.245763173470129992e-01
7.306930480859218369e-01
7.295444595508085994e-01
7.222937885003212211e-01
7.247980790260510897e-01
7.219888589321038497e-01
7.143050441375144999e-01
7.222399763571910603e-01
7.234862978641803943e-01
7.210020562012989798e-01
7.210693218769170798e-01
7.210632272255725894e-01
7.160922411160591805e-01
