9.171919047832488570e-01
8.712465852499008401e-01
8.028846830129623413e-01
8.046643435955047607e-01
8.091913849115371926e-01
7.781604140996932761e-01
7.983806639909744041e-01
7.720069885253906250e-01
7.341006249189376831e-01
7.185459196567535178e-01
7.445276916027069314e-01
7.294074058532714622e-01
7.168859809637069258e-01
7.338925033807754961e-01
7.338343113660812378e-01
7.241017222404479980e-01
7.216446250677108765e-01
7.207377403974533081e-01
7.255414932966232078e-01
6.984888255596161111e-01
7.075590819120407549e-01
6.935178399085998313e-01
6.901942372322082964e-01
6.734911501407623291e-01
7.038013905286788496e-01
6.845561474561691062e-01
7.170199483633041826e-01
6.820546358823775801e-01
6.840262919664382713e-01
6.769202798604965210e-01
6.903731733560561912e-01
6.903194457292556319e-01
6.746037274599074873e-01
6.869114696979522483e-01
6.680623859167098555e-01
6.780859947204589400e-01
6.894328027963638750e-01
6.642488464713096619e-01
6.827881157398223433e-01
6.843122363090514693e-01
6.574365168809890303e-01
6.844487220048904863e-01
6.629578500986099687e-01
6.739257544279098067e-01
6.850325256586075051e-01
7.010801970958709939e-01
6.812879383563995583e-01
6.563810974359511885e-01
6.591811150312423262e-01
6.490745753049850242e-01
6.607658088207244429e-01
6.538777559995651023e-01
6.671358466148376021e-01
6.449718594551085982e-01
6.458687126636505349e-01
6.692258894443512407e-01
6.571236163377761619e-01
6.644595831632613692e-01
6.525267452001571877e-01
6.535648554563522339e-01
6.560599893331527932e-01
6.629416644573211670e-01
6.650305062532424483e-01
6.727903634309768677e-01
6.561353832483292070e-01
6.669290721416473167e-01
6.356715291738510576e-01
6.648884236812591109e-01
6.605898171663284746e-01
6.404018461704253928e-01
6.562631458044052568e-01
6.473639100790024026e-01
6.308132380247115645e-01
6.625078499317169634e-01
6.547371894121170044e-01
6.623641431331634966e-01
6.366401225328445213e-01
6.653892934322357400e-01
6.400727868080139382e-01
6.176046192646026389e-01
6.623423337936401589e-01
6.402953594923019853e-01
6.262221634387969971e-01
6.438529640436172485e-01
6.732207298278808372e-01
6.544965714216232078e-01
6.440833956003189087e-01
6.524022310972213967e-01
6.496624439954757912e-01
6.725665181875228882e-01
6.424821078777313010e-01
6.462725311517715232e-01
6.393845945596694502e-01
6.342274427413940874e-01
6.595767855644225630e-01
6.464341133832931519e-01
6.623254537582397017e-01
6.312766432762145774e-01
6.340531110763549805e-01
6.305793851613998857e-01
6.359181821346282515e-01
6.478114962577820046e-01
6.479459285736084428e-01
6.486054807901382446e-01
6.456620603799819724e-01
6.682933837175368819e-01
6.199036389589309692e-01
6.507216095924377441e-01
6.506708890199661699e-01
6.333097428083419578e-01
6.395610213279724343e-01
6.287497043609618919e-01
6.424105972051620261e-01
6.686957120895385964e-01
6.262605488300323486e-01
6.170131772756576316e-01
6.588447362184524092e-01
6.314486443996429887e-01
6.499978810548782127e-01
6.399776071310043779e-01
6.275815516710281372e-01
6.354278534650802390e-01
6.245847970247269121e-01
6.496393054723739180e-01
6.636807233095168845e-01
6.272014319896698220e-01
6.425904631614685059e-01
6.389787018299102339e-01
6.600531369447708574e-01
6.293812394142150879e-01
6.228013664484024492e-01
6.362376928329467329e-01
6.504363059997558816e-01
6.387610584497451782e-01
6.353112101554870828e-01
6.354291409254073653e-01
6.161929100751877275e-01
6.362691655755042808e-01
6.353312730789184570e-01
6.426630079746246116e-01
6.302898615598678811e-01
6.330537647008895874e-01
6.513842493295669556e-01
6.284180283546447754e-01
6.293269574642181841e-01
6.437447309494018777e-01
6.426042497158050981e-01
6.479185581207275169e-01
6.143839955329895020e-01
6.356128126382827315e-01
6.253362804651260154e-01
6.338885277509689331e-01
6.259100764989853349e-01
6.306462883949279785e-01
6.314788758754730225e-01
6.004719018936157671e-01
6.437061131000518799e-01
6.298628836870193703e-01
6.798207670450210349e-01
6.437354505062102827e-01
6.267356246709823164e-01
6.505499452352523360e-01
6.282412439584732500e-01
6.166521579027175459e-01
6.252021849155425803e-01
6.252883642911910567e-01
6.221101433038711548e-01
6.288611352443694846e-01
6.520029932260513750e-01
6.447778403759002464e-01
