5.324000075459480730e-01
5.452000036835670249e-01
5.643999963998794778e-01
5.868000030517578347e-01
5.961999982595443948e-01
5.969999969005584939e-01
6.094000071287155595e-01
6.148000031709670576e-01
6.264000087976455688e-01
6.293999999761581421e-01
6.172000110149383767e-01
6.298000037670135054e-01
6.471999973058700784e-01
6.317999929189681563e-01
6.456000000238418801e-01
6.463999986648559792e-01
6.556000024080276267e-01
6.505999982357024702e-01
6.619999974966048750e-01
6.583999931812286599e-01
6.622000008821486983e-01
6.717999935150146262e-01
6.777999997138977051e-01
6.583999991416931152e-01
6.765999943017959595e-01
6.735999971628189309e-01
6.739999949932098389e-01
6.718000024557113647e-01
6.668000042438506636e-01
6.751999974250793013e-01
6.843999952077866045e-01
6.804000020027161089e-01
6.865999996662139893e-01
6.980000048875808494e-01
6.911999911069870439e-01
6.916000008583068626e-01
6.912000060081482378e-01
7.002000063657760620e-01
7.044000118970871194e-01
6.991999983787536843e-01
6.918000012636185136e-01
7.048000037670135720e-01
7.042000025510788408e-01
7.066000044345855935e-01
7.076000034809112327e-01
7.055999934673309326e-01
6.986000031232834084e-01
7.183999985456466231e-01
7.222000032663344893e-01
7.184000074863433616e-01
7.154000014066695945e-01
7.211999922990799394e-01
7.038000077009201050e-01
7.250000059604644331e-01
7.247999936342239824e-01
7.138000071048736794e-01
7.414000004529952559e-01
7.234000056982040627e-01
7.170000046491622481e-01
7.320000052452086958e-01
7.354000031948089156e-01
7.272000044584274736e-01
7.420000076293945535e-01
7.293999940156936646e-01
7.391999959945678711e-01
7.467999994754791482e-01
7.428000003099441972e-01
7.398000031709670576e-01
7.410000026226043479e-01
7.511999994516372903e-01
7.404000043869018999e-01
7.469999998807906882e-01
7.497999995946884599e-01
7.429999977350234541e-01
7.524000048637390359e-01
