9.329068094491959062e-01
8.230024874210357666e-01
7.671075642108917680e-01
7.240272402763366921e-01
7.143506109714508057e-01
7.118846744298934492e-01
6.945832073688507080e-01
6.852240949869156106e-01
6.731915563344955666e-01
6.643270671367644820e-01
6.789157241582870483e-01
6.696009516716003862e-01
6.413790047168731467e-01
6.617724895477294922e-01
6.460493355989456177e-01
6.421549320220947266e-01
6.382188409566879050e-01
6.418963283300399558e-01
6.303890615701674971e-01
6.311075121164322344e-01
6.285918205976486206e-01
6.179027855396270752e-01
6.207279264926910400e-01
6.309946179389953613e-01
6.073159515857696755e-01
6.159926682710648027e-01
6.212232172489166038e-01
6.126547187566757646e-01
6.193866848945617232e-01
6.068295031785965188e-01
6.040480613708496538e-01
6.048557907342910767e-01
6.012380212545395120e-01
5.910729706287384255e-01
5.924510180950164351e-01
5.955191552639007568e-01
5.979426831007004228e-01
5.960187166929244995e-01
5.813439875841140969e-01
5.891613483428954634e-01
5.942758053541183916e-01
5.803474366664886919e-01
5.801369726657867876e-01
5.859485536813735518e-01
5.739813894033432007e-01
5.806075990200042503e-01
5.902439266443252341e-01
5.683602720499039140e-01
5.658840447664260642e-01
5.731012821197509766e-01
5.691393762826919556e-01
5.675473302602768166e-01
5.808451965451240095e-01
5.627886474132537398e-01
5.636576622724532859e-01
5.654252350330353227e-01
5.414738178253173384e-01
5.605033785104751587e-01
5.632875651121139748e-01
5.461626201868057251e-01
5.473487108945847002e-01
5.578596115112304243e-01
5.338162273168564065e-01
5.543144434690475686e-01
5.446820735931396928e-01
5.326991483569145647e-01
5.395156279206275718e-01
5.355307757854461670e-01
5.384014129638672319e-01
5.291654631495475991e-01
5.386140391230582747e-01
5.317985504865646584e-01
5.307251006364822610e-01
5.374886050820351091e-01
5.318497970700264421e-01
