4.903445512820512886e-01
5.042467948717949122e-01
5.211939102564102644e-01
5.357772435897435459e-01
5.507612179487179072e-01
5.559294871794872028e-01
5.557291666666667185e-01
5.576121794871794490e-01
5.594551282051282159e-01
5.622596153846153300e-01
5.641025641025640969e-01
5.836538461538461897e-01
5.953926282051281715e-01
6.008012820512820262e-01
6.009214743589743613e-01
5.958733974358974006e-01
5.961538461538461453e-01
5.975961538461538325e-01
5.988381410256410353e-01
5.957131410256409909e-01
5.975961538461538325e-01
6.014022435897435903e-01
5.977564102564102422e-01
5.986378205128205510e-01
6.016426282051282604e-01
6.001201923076923128e-01
6.004006410256410575e-01
6.004807692307692069e-01
5.988782051282051100e-01
5.985977564102563653e-01
5.979166666666666519e-01
5.964342948717948900e-01
5.998798076923076428e-01
6.001602564102563875e-01
5.969951923076922684e-01
5.967948717948717841e-01
5.971955128205128638e-01
5.995993589743590091e-01
5.998397435897435681e-01
5.984374999999999556e-01
5.959535256410256610e-01
5.977163461538461675e-01
5.975961538461538325e-01
5.989182692307691847e-01
5.996794871794871584e-01
5.961939102564102200e-01
5.997596153846154188e-01
6.010416666666666963e-01
5.989983974358974450e-01
5.995192307692307487e-01
5.974759615384614975e-01
5.967147435897436347e-01
5.967948717948717841e-01
6.010016025641025106e-01
5.985977564102563653e-01
5.938301282051282604e-01
5.989583333333333703e-01
5.957131410256409909e-01
5.978766025641025772e-01
5.966746794871794490e-01
5.972756410256410131e-01
5.981971153846153966e-01
6.016025641025640747e-01
6.001201923076923128e-01
5.953926282051281715e-01
6.027243589743589425e-01
5.975160256410256832e-01
5.981971153846153966e-01
5.959935897435897356e-01
5.976762820512820928e-01
5.995592948717948234e-01
5.965144230769230393e-01
5.940705128205128194e-01
5.991586538461538547e-01
5.968349358974358587e-01
6.010016025641025106e-01
6.026842948717948678e-01
5.982772435897435459e-01
5.990785256410255943e-01
6.009214743589743613e-01
5.991185897435897800e-01
5.978365384615385025e-01
5.970753205128205288e-01
5.964743589743589647e-01
5.998798076923076428e-01
5.974759615384614975e-01
6.006009615384615419e-01
6.006810897435896912e-01
6.007211538461538769e-01
5.948317307692307931e-01
5.953125000000000222e-01
5.948717948717948678e-01
5.993189102564102644e-01
6.000801282051282382e-01
6.005608974358974672e-01
5.946714743589743835e-01
6.020032051282051544e-01
5.981169871794871362e-01
5.975961538461538325e-01
5.979967948717949122e-01
5.953525641025640969e-01
5.949118589743589425e-01
5.978766025641025772e-01
5.965945512820512997e-01
5.979166666666666519e-01
6.050080128205128638e-01
5.975160256410256832e-01
6.000801282051282382e-01
6.024839743589743835e-01
6.008413461538461009e-01
6.001602564102563875e-01
6.011217948717948456e-01
5.961939102564102200e-01
5.959935897435897356e-01
5.970753205128205288e-01
6.011217948717948456e-01
6.002003205128204621e-01
5.961538461538461453e-01
5.987580128205127750e-01
5.974759615384614975e-01
5.952724358974359475e-01
5.985576923076922906e-01
6.014823717948717396e-01
5.978766025641025772e-01
6.012419871794871806e-01
5.961538461538461453e-01
5.945512820512820484e-01
5.991586538461538547e-01
5.966346153846153744e-01
5.995192307692307487e-01
5.989983974358974450e-01
5.983974358974358809e-01
5.987580128205127750e-01
6.014823717948717396e-01
5.954727564102564319e-01
5.984775641025641413e-01
5.991586538461538547e-01
6.042868589743589647e-01
6.006810897435896912e-01
