8.162892971283349786e-01
7.333238760630289566e-01
7.020447003535735808e-01
6.897521822880475773e-01
6.841616544968042168e-01
6.797052588218297497e-01
6.750282312050843725e-01
6.724076209924160219e-01
6.647029259265997414e-01
6.573692850577526059e-01
6.676964020117734933e-01
6.573059158447461803e-01
6.366088506502982636e-01
6.347671016668662292e-01
6.347736297509609660e-01
6.317802719580821735e-01
6.308205402814425211e-01
6.308846531770168076e-01
6.318090374653155816e-01
6.349546105433733212e-01
6.308193044784741188e-01
6.289128609192676800e-01
6.304766975916349381e-01
6.322408077044364694e-01
6.297498953648102971e-01
6.309763263433407765e-01
6.310116049570915209e-01
6.282664720828716742e-01
6.298114302830818412e-01
6.292825078352903834e-01
6.312619172609769125e-01
6.275088025973393213e-01
6.263815143169501054e-01
6.314604147886618835e-01
6.320223765495496249e-01
6.306648395000360452e-01
6.294481097123562074e-01
6.292669317661188089e-01
6.290362749344263760e-01
6.290538888711195709e-01
6.298041398708636995e-01
6.322390171197744824e-01
6.285176335236964951e-01
6.293299644421308514e-01
6.271688054769467557e-01
6.315045182521527023e-01
6.292285665487631352e-01
6.271785690234257249e-01
6.284008842248183235e-01
6.297209727458464856e-01
6.308243827942090487e-01
6.308665309196863635e-01
6.291783809661865012e-01
6.309616749103252875e-01
6.276547600061465060e-01
6.330076884000729320e-01
6.274483876350598344e-01
6.294006072557889464e-01
6.278071155914893842e-01
6.308467424832857606e-01
6.298411586345770141e-01
6.315983793674371238e-01
6.270067957731393360e-01
6.294236430755028033e-01
6.316778772916549212e-01
6.279209433457790812e-01
6.296012884531265730e-01
6.268109700618645919e-01
6.323409413680052271e-01
6.297516205371954667e-01
6.289243747026492803e-01
6.308608807050264389e-01
6.309668534841292864e-01
6.287680934637021046e-01
6.286358035527742638e-01
6.288604653798617328e-01
6.268453986216814267e-01
6.275038425738994619e-01
6.295433570177126903e-01
6.263728248767364004e-01
6.301689814298581105e-01
6.297319693443103050e-01
6.310523592508756607e-01
6.293999763635488298e-01
6.313978763727041699e-01
6.315900130149645353e-01
6.316785433353522272e-01
6.258044126706245880e-01
6.311411157632484947e-01
6.302392357434981607e-01
6.298045286765465711e-01
6.303848257431616808e-01
6.266346598282838132e-01
6.274986887589478757e-01
6.271027898177122806e-01
6.310444636222644066e-01
6.287578677519773951e-01
6.268614093462626657e-01
6.300554306079180211e-01
6.279028788591042298e-01
6.317232914460011450e-01
6.291663053708198561e-01
6.292866196387852940e-01
6.327512080852801812e-01
6.306624418649917629e-01
6.228684547619941503e-01
6.308997796132014280e-01
6.305596311887105010e-01
6.294194707503685260e-01
6.278059617066994447e-01
6.288840373357137414e-01
6.272629887629778134e-01
6.296911664498158201e-01
6.310249970509456130e-01
6.275943759160164115e-01
6.271304475955473690e-01
6.278497790678952972e-01
6.314446510412754510e-01
6.311095035993136149e-01
6.302724804633702549e-01
6.330506184162237870e-01
6.320536023531204695e-01
6.277939943166879200e-01
6.331387785764840404e-01
6.281728857602828509e-01
6.331177625900660244e-01
6.317675263453752521e-01
6.279350620049696241e-01
6.317592284618279708e-01
6.300302117298810511e-01
6.261217976227785309e-01
6.278262804716061574e-01
6.307379257984649934e-01
6.281322852159157977e-01
6.285025673034864147e-01
6.260172550494854660e-01
6.295259870015658121e-01
6.268961683297769039e-01
6.299878224348410827e-01
