4.298111647367477417e-01
4.429092567414045223e-01
4.421156574040651099e-01
4.149102251976728439e-01
3.971974608488381131e-01
4.337641166523099057e-01
4.429444497451185958e-01
4.238470047712326050e-01
4.512529790401458851e-01
4.182225730270147102e-01
4.536239072680473550e-01
4.358405634760856850e-01
4.629633250646293385e-01
4.207097981125116348e-01
4.901419037953019253e-01
4.535566697828471439e-01
4.485587941482663266e-01
4.388809491880237834e-01
4.350583216175437085e-01
3.951479619368910567e-01
4.448495214805007203e-01
3.953061379492283089e-01
4.138567718677222951e-01
4.104211868718266598e-01
4.330372301861643569e-01
4.396726596169173717e-01
4.157684866338968166e-01
4.525992369279265293e-01
4.172972718253731839e-01
4.499215412884950416e-01
4.547497520223259815e-01
4.448744223453104385e-01
4.355128802359103934e-01
4.436985628679394611e-01
3.951471557840705029e-01
4.619995368644594924e-01
4.112404850311577320e-01
4.293669924139976724e-01
4.263981528580188529e-01
3.778014921583235375e-01
4.264492048881948216e-01
4.207390682771802171e-01
3.967843618243932502e-01
4.229355348274111970e-01
4.768231043592095486e-01
4.766036770306527615e-01
4.316057773306966050e-01
4.706646109931170718e-01
4.424106260761618836e-01
4.189057733863592037e-01
4.390294965356588142e-01
4.577496778219938278e-01
4.186150219291448482e-01
4.704475795850157627e-01
4.249016635119914898e-01
4.945414640009403451e-01
4.401618173345923646e-01
4.467211129143834336e-01
4.508825762197375409e-01
4.475076611153781525e-01
4.183625309728086217e-01
4.663786143064498901e-01
4.286922896280884743e-01
4.468244361691177113e-01
