8.140625000000000222e-01
7.937499999999999556e-01
8.046875000000000000e-01
8.093749999999999556e-01
8.218750000000000222e-01
8.093749999999999556e-01
8.046875000000000000e-01
8.187499999999999778e-01
8.000000000000000444e-01
8.296875000000000222e-01
8.000000000000000444e-01
8.062500000000000222e-01
7.921875000000000444e-01
8.140625000000000222e-01
7.812500000000000000e-01
7.968750000000000000e-01
8.109374999999999778e-01
7.890625000000000000e-01
8.187499999999999778e-01
8.453125000000000222e-01
7.937499999999999556e-01
8.140625000000000222e-01
8.234375000000000444e-01
8.375000000000000222e-01
7.921875000000000444e-01
8.125000000000000000e-01
8.109374999999999778e-01
8.015624999999999556e-01
8.328124999999999556e-01
8.015624999999999556e-01
8.031249999999999778e-01
8.093749999999999556e-01
8.093749999999999556e-01
8.093749999999999556e-01
8.328124999999999556e-01
7.781249999999999556e-01
8.281250000000000000e-01
8.187499999999999778e-01
8.203125000000000000e-01
8.359375000000000000e-01
8.249999999999999556e-01
8.249999999999999556e-01
8.312500000000000444e-01
8.249999999999999556e-01
7.921875000000000444e-01
7.874999999999999778e-01
8.156250000000000444e-01
7.874999999999999778e-01
8.031249999999999778e-01
8.203125000000000000e-01
8.031249999999999778e-01
8.031249999999999778e-01
8.203125000000000000e-01
7.890625000000000000e-01
8.109374999999999778e-01
7.796874999999999778e-01
8.031249999999999778e-01
7.921875000000000444e-01
8.015624999999999556e-01
7.953124999999999778e-01
8.234375000000000444e-01
7.828125000000000222e-01
8.265624999999999778e-01
8.109374999999999778e-01
