5.718750000000000222e-01
5.671874999999999556e-01
5.968750000000000444e-01
5.890625000000000444e-01
5.718750000000000222e-01
5.718750000000000222e-01
5.734375000000000444e-01
5.640625000000000222e-01
5.968750000000000444e-01
5.687499999999999778e-01
5.046874999999999556e-01
6.078124999999999778e-01
5.625000000000000000e-01
5.656250000000000444e-01
5.984374999999999556e-01
5.906249999999999556e-01
6.062499999999999556e-01
5.187500000000000444e-01
5.000000000000000000e-01
5.000000000000000000e-01
5.000000000000000000e-01
5.000000000000000000e-01
5.000000000000000000e-01
4.984374999999999778e-01
5.000000000000000000e-01
5.000000000000000000e-01
5.000000000000000000e-01
5.000000000000000000e-01
5.124999999999999556e-01
5.843749999999999778e-01
5.906249999999999556e-01
6.125000000000000444e-01
5.765624999999999778e-01
6.140624999999999556e-01
5.906249999999999556e-01
5.828124999999999556e-01
6.062499999999999556e-01
5.703125000000000000e-01
5.828124999999999556e-01
5.937500000000000000e-01
5.937500000000000000e-01
6.234374999999999778e-01
6.031250000000000222e-01
6.031250000000000222e-01
5.390625000000000000e-01
5.671874999999999556e-01
5.625000000000000000e-01
5.593749999999999556e-01
5.999999999999999778e-01
5.968750000000000444e-01
6.140624999999999556e-01
5.609374999999999778e-01
6.203125000000000444e-01
5.734375000000000444e-01
5.953125000000000222e-01
5.953125000000000222e-01
5.796875000000000222e-01
5.843749999999999778e-01
6.281250000000000444e-01
5.921874999999999778e-01
5.890625000000000444e-01
5.875000000000000222e-01
6.046875000000000444e-01
5.921874999999999778e-01
5.953125000000000222e-01
5.859375000000000000e-01
5.531249999999999778e-01
5.437499999999999556e-01
6.062499999999999556e-01
5.749999999999999556e-01
6.125000000000000444e-01
5.812500000000000444e-01
5.984374999999999556e-01
5.718750000000000222e-01
5.999999999999999778e-01
5.562500000000000222e-01
5.718750000000000222e-01
5.796875000000000222e-01
5.984374999999999556e-01
5.765624999999999778e-01
5.734375000000000444e-01
5.656250000000000444e-01
5.796875000000000222e-01
6.078124999999999778e-01
6.109375000000000222e-01
5.468750000000000000e-01
5.984374999999999556e-01
5.890625000000000444e-01
5.937500000000000000e-01
6.031250000000000222e-01
5.984374999999999556e-01
6.171875000000000000e-01
6.328125000000000000e-01
5.843749999999999778e-01
5.812500000000000444e-01
5.999999999999999778e-01
5.921874999999999778e-01
5.546875000000000000e-01
5.890625000000000444e-01
5.890625000000000444e-01
5.968750000000000444e-01
5.890625000000000444e-01
5.859375000000000000e-01
5.703125000000000000e-01
5.843749999999999778e-01
6.109375000000000222e-01
5.484375000000000222e-01
5.437499999999999556e-01
5.703125000000000000e-01
5.749999999999999556e-01
5.890625000000000444e-01
5.484375000000000222e-01
5.640625000000000222e-01
6.031250000000000222e-01
5.984374999999999556e-01
6.218749999999999556e-01
5.703125000000000000e-01
6.109375000000000222e-01
5.593749999999999556e-01
5.984374999999999556e-01
5.484375000000000222e-01
5.859375000000000000e-01
5.343750000000000444e-01
5.859375000000000000e-01
6.062499999999999556e-01
5.562500000000000222e-01
5.515624999999999556e-01
5.906249999999999556e-01
5.875000000000000222e-01
5.937500000000000000e-01
5.609374999999999778e-01
6.125000000000000444e-01
5.609374999999999778e-01
5.781250000000000000e-01
5.531249999999999778e-01
6.296874999999999556e-01
5.656250000000000444e-01
6.093750000000000000e-01
6.406250000000000000e-01
5.953125000000000222e-01
5.906249999999999556e-01
5.968750000000000444e-01
5.953125000000000222e-01
5.968750000000000444e-01
5.625000000000000000e-01
6.062499999999999556e-01
6.125000000000000444e-01
6.218749999999999556e-01
5.656250000000000444e-01
6.187500000000000222e-01
6.062499999999999556e-01
5.828124999999999556e-01
5.999999999999999778e-01
6.218749999999999556e-01
5.828124999999999556e-01
5.656250000000000444e-01
5.812500000000000444e-01
5.468750000000000000e-01
6.093750000000000000e-01
5.921874999999999778e-01
6.078124999999999778e-01
5.765624999999999778e-01
6.062499999999999556e-01
5.875000000000000222e-01
5.812500000000000444e-01
5.859375000000000000e-01
6.062499999999999556e-01
5.921874999999999778e-01
5.906249999999999556e-01
5.765624999999999778e-01
5.890625000000000444e-01
5.749999999999999556e-01
5.859375000000000000e-01
5.843749999999999778e-01
6.187500000000000222e-01
5.749999999999999556e-01
5.687499999999999778e-01
5.718750000000000222e-01
5.796875000000000222e-01
6.062499999999999556e-01
6.140624999999999556e-01
5.765624999999999778e-01
5.812500000000000444e-01
5.859375000000000000e-01
5.734375000000000444e-01
5.999999999999999778e-01
6.171875000000000000e-01
5.546875000000000000e-01
6.140624999999999556e-01
5.828124999999999556e-01
6.312499999999999778e-01
5.781250000000000000e-01
5.671874999999999556e-01
5.421875000000000444e-01
5.203124999999999556e-01
6.093750000000000000e-01
6.062499999999999556e-01
5.718750000000000222e-01
5.453124999999999778e-01
6.203125000000000444e-01
5.687499999999999778e-01
6.156249999999999778e-01
5.625000000000000000e-01
5.828124999999999556e-01
6.125000000000000444e-01
6.046875000000000444e-01
6.140624999999999556e-01
6.062499999999999556e-01
5.625000000000000000e-01
5.999999999999999778e-01
5.468750000000000000e-01
5.968750000000000444e-01
6.203125000000000444e-01
5.906249999999999556e-01
6.046875000000000444e-01
5.718750000000000222e-01
6.265625000000000222e-01
5.749999999999999556e-01
6.031250000000000222e-01
5.734375000000000444e-01
5.796875000000000222e-01
5.609374999999999778e-01
6.187500000000000222e-01
5.875000000000000222e-01
5.859375000000000000e-01
6.093750000000000000e-01
5.749999999999999556e-01
6.046875000000000444e-01
6.250000000000000000e-01
6.234374999999999778e-01
5.703125000000000000e-01
6.156249999999999778e-01
5.812500000000000444e-01
5.859375000000000000e-01
6.281250000000000444e-01
5.999999999999999778e-01
6.031250000000000222e-01
5.687499999999999778e-01
5.953125000000000222e-01
5.937500000000000000e-01
5.906249999999999556e-01
5.749999999999999556e-01
5.749999999999999556e-01
5.937500000000000000e-01
5.796875000000000222e-01
5.906249999999999556e-01
6.156249999999999778e-01
5.781250000000000000e-01
5.937500000000000000e-01
5.812500000000000444e-01
6.171875000000000000e-01
6.140624999999999556e-01
5.906249999999999556e-01
5.968750000000000444e-01
5.812500000000000444e-01
5.812500000000000444e-01
6.015625000000000000e-01
6.046875000000000444e-01
5.828124999999999556e-01
5.687499999999999778e-01
5.625000000000000000e-01
5.812500000000000444e-01
5.953125000000000222e-01
5.562500000000000222e-01
5.734375000000000444e-01
5.609374999999999778e-01
6.078124999999999778e-01
5.609374999999999778e-01
5.984374999999999556e-01
5.937500000000000000e-01
6.234374999999999778e-01
5.890625000000000444e-01
5.875000000000000222e-01
6.203125000000000444e-01
5.781250000000000000e-01
5.937500000000000000e-01
6.390624999999999778e-01
5.843749999999999778e-01
6.171875000000000000e-01
6.312499999999999778e-01
6.046875000000000444e-01
6.093750000000000000e-01
6.093750000000000000e-01
5.734375000000000444e-01
5.937500000000000000e-01
5.890625000000000444e-01
5.968750000000000444e-01
5.734375000000000444e-01
6.031250000000000222e-01
5.765624999999999778e-01
6.156249999999999778e-01
5.687499999999999778e-01
5.968750000000000444e-01
5.734375000000000444e-01
5.765624999999999778e-01
5.875000000000000222e-01
5.859375000000000000e-01
6.203125000000000444e-01
5.937500000000000000e-01
6.265625000000000222e-01
6.078124999999999778e-01
5.984374999999999556e-01
6.062499999999999556e-01
6.031250000000000222e-01
5.625000000000000000e-01
6.031250000000000222e-01
6.453124999999999556e-01
5.921874999999999778e-01
5.921874999999999778e-01
6.078124999999999778e-01
5.953125000000000222e-01
6.359375000000000444e-01
5.953125000000000222e-01
5.812500000000000444e-01
6.031250000000000222e-01
6.265625000000000222e-01
5.437499999999999556e-01
6.187500000000000222e-01
5.906249999999999556e-01
6.015625000000000000e-01
6.109375000000000222e-01
5.937500000000000000e-01
5.953125000000000222e-01
6.171875000000000000e-01
5.906249999999999556e-01
6.109375000000000222e-01
5.906249999999999556e-01
5.984374999999999556e-01
5.875000000000000222e-01
6.281250000000000444e-01
5.703125000000000000e-01
5.796875000000000222e-01
5.593749999999999556e-01
5.875000000000000222e-01
6.046875000000000444e-01
5.734375000000000444e-01
5.968750000000000444e-01
5.828124999999999556e-01
6.171875000000000000e-01
5.843749999999999778e-01
5.937500000000000000e-01
6.203125000000000444e-01
5.890625000000000444e-01
6.171875000000000000e-01
5.921874999999999778e-01
6.109375000000000222e-01
5.953125000000000222e-01
6.015625000000000000e-01
6.109375000000000222e-01
5.640625000000000222e-01
5.749999999999999556e-01
6.125000000000000444e-01
5.890625000000000444e-01
6.015625000000000000e-01
5.812500000000000444e-01
5.828124999999999556e-01
5.890625000000000444e-01
6.187500000000000222e-01
6.312499999999999778e-01
6.156249999999999778e-01
5.999999999999999778e-01
5.968750000000000444e-01
6.031250000000000222e-01
6.093750000000000000e-01
5.812500000000000444e-01
5.968750000000000444e-01
5.953125000000000222e-01
5.749999999999999556e-01
5.718750000000000222e-01
6.046875000000000444e-01
5.734375000000000444e-01
5.843749999999999778e-01
5.999999999999999778e-01
6.187500000000000222e-01
5.968750000000000444e-01
5.937500000000000000e-01
5.984374999999999556e-01
5.937500000000000000e-01
6.031250000000000222e-01
6.187500000000000222e-01
5.671874999999999556e-01
5.999999999999999778e-01
5.937500000000000000e-01
5.687499999999999778e-01
6.046875000000000444e-01
5.875000000000000222e-01
5.515624999999999556e-01
5.640625000000000222e-01
5.703125000000000000e-01
6.031250000000000222e-01
5.875000000000000222e-01
6.218749999999999556e-01
5.906249999999999556e-01
5.828124999999999556e-01
5.859375000000000000e-01
6.015625000000000000e-01
6.031250000000000222e-01
6.359375000000000444e-01
5.734375000000000444e-01
5.906249999999999556e-01
5.890625000000000444e-01
5.828124999999999556e-01
5.828124999999999556e-01
5.906249999999999556e-01
5.906249999999999556e-01
5.937500000000000000e-01
5.671874999999999556e-01
6.125000000000000444e-01
6.109375000000000222e-01
5.906249999999999556e-01
6.328125000000000000e-01
5.906249999999999556e-01
5.921874999999999778e-01
5.906249999999999556e-01
5.906249999999999556e-01
5.828124999999999556e-01
5.984374999999999556e-01
5.937500000000000000e-01
5.734375000000000444e-01
5.843749999999999778e-01
5.937500000000000000e-01
5.484375000000000222e-01
6.453124999999999556e-01
6.109375000000000222e-01
5.984374999999999556e-01
6.093750000000000000e-01
6.218749999999999556e-01
5.921874999999999778e-01
5.828124999999999556e-01
5.921874999999999778e-01
5.984374999999999556e-01
5.937500000000000000e-01
6.031250000000000222e-01
5.875000000000000222e-01
5.749999999999999556e-01
5.999999999999999778e-01
5.999999999999999778e-01
5.734375000000000444e-01
5.796875000000000222e-01
5.828124999999999556e-01
5.937500000000000000e-01
6.015625000000000000e-01
5.953125000000000222e-01
6.078124999999999778e-01
6.187500000000000222e-01
5.703125000000000000e-01
5.828124999999999556e-01
6.078124999999999778e-01
6.125000000000000444e-01
5.812500000000000444e-01
5.765624999999999778e-01
5.984374999999999556e-01
5.890625000000000444e-01
5.734375000000000444e-01
5.890625000000000444e-01
5.640625000000000222e-01
6.171875000000000000e-01
5.999999999999999778e-01
6.265625000000000222e-01
5.703125000000000000e-01
6.062499999999999556e-01
5.999999999999999778e-01
6.093750000000000000e-01
6.109375000000000222e-01
5.906249999999999556e-01
6.125000000000000444e-01
5.968750000000000444e-01
6.015625000000000000e-01
5.703125000000000000e-01
6.234374999999999778e-01
5.843749999999999778e-01
5.906249999999999556e-01
6.078124999999999778e-01
5.906249999999999556e-01
5.734375000000000444e-01
5.875000000000000222e-01
6.187500000000000222e-01
6.500000000000000222e-01
5.671874999999999556e-01
6.078124999999999778e-01
6.265625000000000222e-01
5.781250000000000000e-01
5.999999999999999778e-01
6.468749999999999778e-01
6.156249999999999778e-01
5.906249999999999556e-01
5.781250000000000000e-01
5.609374999999999778e-01
6.187500000000000222e-01
6.296874999999999556e-01
6.171875000000000000e-01
6.109375000000000222e-01
5.999999999999999778e-01
5.843749999999999778e-01
6.078124999999999778e-01
6.218749999999999556e-01
6.390624999999999778e-01
5.921874999999999778e-01
5.875000000000000222e-01
5.953125000000000222e-01
6.171875000000000000e-01
6.218749999999999556e-01
5.953125000000000222e-01
5.796875000000000222e-01
6.062499999999999556e-01
5.999999999999999778e-01
6.078124999999999778e-01
6.093750000000000000e-01
5.859375000000000000e-01
5.437499999999999556e-01
6.031250000000000222e-01
5.749999999999999556e-01
5.921874999999999778e-01
5.890625000000000444e-01
6.265625000000000222e-01
5.984374999999999556e-01
6.171875000000000000e-01
6.078124999999999778e-01
5.999999999999999778e-01
6.125000000000000444e-01
5.890625000000000444e-01
6.109375000000000222e-01
6.218749999999999556e-01
6.015625000000000000e-01
6.046875000000000444e-01
6.109375000000000222e-01
5.781250000000000000e-01
6.125000000000000444e-01
5.765624999999999778e-01
5.828124999999999556e-01
5.749999999999999556e-01
5.656250000000000444e-01
5.921874999999999778e-01
5.828124999999999556e-01
6.046875000000000444e-01
6.156249999999999778e-01
6.078124999999999778e-01
6.093750000000000000e-01
6.015625000000000000e-01
6.015625000000000000e-01
5.828124999999999556e-01
5.828124999999999556e-01
5.781250000000000000e-01
5.749999999999999556e-01
5.999999999999999778e-01
6.203125000000000444e-01
5.828124999999999556e-01
5.937500000000000000e-01
5.828124999999999556e-01
6.171875000000000000e-01
6.031250000000000222e-01
5.953125000000000222e-01
5.890625000000000444e-01
6.421875000000000222e-01
5.796875000000000222e-01
5.843749999999999778e-01
5.875000000000000222e-01
6.250000000000000000e-01
6.015625000000000000e-01
6.156249999999999778e-01
6.078124999999999778e-01
6.109375000000000222e-01
6.078124999999999778e-01
5.984374999999999556e-01
6.031250000000000222e-01
6.328125000000000000e-01
5.968750000000000444e-01
6.125000000000000444e-01
6.125000000000000444e-01
6.421875000000000222e-01
6.031250000000000222e-01
5.843749999999999778e-01
5.999999999999999778e-01
5.937500000000000000e-01
6.046875000000000444e-01
6.062499999999999556e-01
6.062499999999999556e-01
6.093750000000000000e-01
5.796875000000000222e-01
5.687499999999999778e-01
6.046875000000000444e-01
5.921874999999999778e-01
5.671874999999999556e-01
6.218749999999999556e-01
5.859375000000000000e-01
6.250000000000000000e-01
5.906249999999999556e-01
6.218749999999999556e-01
6.062499999999999556e-01
6.187500000000000222e-01
6.046875000000000444e-01
6.187500000000000222e-01
6.046875000000000444e-01
6.062499999999999556e-01
5.671874999999999556e-01
5.921874999999999778e-01
5.703125000000000000e-01
5.828124999999999556e-01
6.406250000000000000e-01
6.171875000000000000e-01
6.046875000000000444e-01
6.015625000000000000e-01
6.093750000000000000e-01
6.218749999999999556e-01
6.390624999999999778e-01
6.171875000000000000e-01
6.468749999999999778e-01
5.749999999999999556e-01
5.859375000000000000e-01
6.125000000000000444e-01
6.187500000000000222e-01
5.671874999999999556e-01
6.062499999999999556e-01
5.984374999999999556e-01
5.953125000000000222e-01
5.749999999999999556e-01
5.843749999999999778e-01
6.093750000000000000e-01
5.937500000000000000e-01
5.921874999999999778e-01
6.218749999999999556e-01
6.078124999999999778e-01
5.968750000000000444e-01
6.031250000000000222e-01
5.906249999999999556e-01
6.187500000000000222e-01
6.093750000000000000e-01
6.031250000000000222e-01
5.812500000000000444e-01
5.812500000000000444e-01
6.078124999999999778e-01
5.828124999999999556e-01
6.296874999999999556e-01
5.968750000000000444e-01
5.921874999999999778e-01
5.999999999999999778e-01
6.062499999999999556e-01
6.156249999999999778e-01
6.187500000000000222e-01
6.187500000000000222e-01
6.578125000000000222e-01
6.140624999999999556e-01
5.921874999999999778e-01
5.843749999999999778e-01
6.171875000000000000e-01
6.109375000000000222e-01
6.218749999999999556e-01
6.171875000000000000e-01
6.156249999999999778e-01
6.171875000000000000e-01
6.125000000000000444e-01
5.937500000000000000e-01
6.093750000000000000e-01
6.234374999999999778e-01
5.953125000000000222e-01
6.140624999999999556e-01
6.624999999999999778e-01
7.109375000000000000e-01
7.906250000000000222e-01
7.562499999999999778e-01
7.593750000000000222e-01
7.078124999999999556e-01
7.484374999999999778e-01
7.750000000000000222e-01
8.015624999999999556e-01
7.703124999999999556e-01
7.249999999999999778e-01
7.500000000000000000e-01
7.656250000000000000e-01
8.171874999999999556e-01
7.828125000000000222e-01
7.718749999999999778e-01
8.093749999999999556e-01
7.937499999999999556e-01
7.828125000000000222e-01
7.640624999999999778e-01
7.609375000000000444e-01
7.781249999999999556e-01
8.031249999999999778e-01
8.000000000000000444e-01
7.953124999999999778e-01
7.671875000000000222e-01
8.078125000000000444e-01
7.734375000000000000e-01
8.046875000000000000e-01
7.812500000000000000e-01
7.671875000000000222e-01
7.765625000000000444e-01
7.624999999999999556e-01
7.859374999999999556e-01
7.796874999999999778e-01
7.796874999999999778e-01
7.718749999999999778e-01
7.750000000000000222e-01
7.750000000000000222e-01
7.640624999999999778e-01
7.734375000000000000e-01
7.718749999999999778e-01
7.671875000000000222e-01
7.781249999999999556e-01
7.953124999999999778e-01
7.890625000000000000e-01
7.937499999999999556e-01
7.609375000000000444e-01
7.750000000000000222e-01
7.687500000000000444e-01
7.937499999999999556e-01
7.718749999999999778e-01
7.937499999999999556e-01
7.796874999999999778e-01
7.671875000000000222e-01
7.968750000000000000e-01
7.906250000000000222e-01
7.781249999999999556e-01
7.937499999999999556e-01
7.828125000000000222e-01
8.062500000000000222e-01
7.984375000000000222e-01
8.171874999999999556e-01
7.718749999999999778e-01
7.781249999999999556e-01
7.750000000000000222e-01
8.015624999999999556e-01
8.000000000000000444e-01
8.078125000000000444e-01
7.859374999999999556e-01
8.046875000000000000e-01
7.687500000000000444e-01
7.671875000000000222e-01
7.874999999999999778e-01
7.874999999999999778e-01
7.906250000000000222e-01
7.937499999999999556e-01
7.781249999999999556e-01
7.343750000000000000e-01
7.624999999999999556e-01
7.671875000000000222e-01
7.843750000000000444e-01
7.937499999999999556e-01
7.671875000000000222e-01
7.624999999999999556e-01
7.437500000000000222e-01
7.890625000000000000e-01
7.843750000000000444e-01
7.781249999999999556e-01
8.093749999999999556e-01
7.624999999999999556e-01
7.718749999999999778e-01
8.171874999999999556e-01
8.000000000000000444e-01
7.718749999999999778e-01
7.859374999999999556e-01
7.953124999999999778e-01
7.828125000000000222e-01
7.828125000000000222e-01
7.765625000000000444e-01
7.828125000000000222e-01
7.921875000000000444e-01
7.921875000000000444e-01
7.828125000000000222e-01
7.812500000000000000e-01
8.203125000000000000e-01
7.750000000000000222e-01
7.953124999999999778e-01
7.765625000000000444e-01
7.640624999999999778e-01
7.640624999999999778e-01
7.921875000000000444e-01
7.890625000000000000e-01
7.781249999999999556e-01
7.671875000000000222e-01
7.937499999999999556e-01
7.921875000000000444e-01
7.937499999999999556e-01
7.765625000000000444e-01
7.937499999999999556e-01
7.796874999999999778e-01
7.874999999999999778e-01
7.718749999999999778e-01
7.906250000000000222e-01
7.843750000000000444e-01
8.062500000000000222e-01
7.609375000000000444e-01
8.046875000000000000e-01
7.874999999999999778e-01
7.843750000000000444e-01
7.437500000000000222e-01
7.937499999999999556e-01
7.484374999999999778e-01
8.093749999999999556e-01
7.796874999999999778e-01
7.312499999999999556e-01
7.968750000000000000e-01
7.656250000000000000e-01
7.781249999999999556e-01
7.843750000000000444e-01
7.906250000000000222e-01
7.718749999999999778e-01
7.531250000000000444e-01
7.859374999999999556e-01
7.859374999999999556e-01
7.921875000000000444e-01
8.000000000000000444e-01
8.046875000000000000e-01
7.890625000000000000e-01
7.500000000000000000e-01
7.984375000000000222e-01
7.687500000000000444e-01
7.843750000000000444e-01
7.750000000000000222e-01
7.874999999999999778e-01
7.890625000000000000e-01
7.734375000000000000e-01
7.750000000000000222e-01
7.796874999999999778e-01
7.921875000000000444e-01
7.796874999999999778e-01
7.937499999999999556e-01
7.500000000000000000e-01
7.953124999999999778e-01
7.718749999999999778e-01
7.765625000000000444e-01
7.828125000000000222e-01
8.000000000000000444e-01
8.093749999999999556e-01
7.828125000000000222e-01
7.765625000000000444e-01
7.640624999999999778e-01
7.921875000000000444e-01
8.015624999999999556e-01
7.937499999999999556e-01
7.765625000000000444e-01
8.015624999999999556e-01
7.609375000000000444e-01
7.874999999999999778e-01
8.031249999999999778e-01
7.953124999999999778e-01
7.687500000000000444e-01
8.093749999999999556e-01
7.578125000000000000e-01
7.671875000000000222e-01
7.796874999999999778e-01
7.843750000000000444e-01
7.703124999999999556e-01
7.687500000000000444e-01
7.687500000000000444e-01
7.624999999999999556e-01
7.953124999999999778e-01
8.187499999999999778e-01
7.890625000000000000e-01
7.624999999999999556e-01
8.031249999999999778e-01
7.718749999999999778e-01
7.765625000000000444e-01
7.656250000000000000e-01
8.062500000000000222e-01
7.828125000000000222e-01
7.812500000000000000e-01
7.874999999999999778e-01
7.750000000000000222e-01
7.890625000000000000e-01
7.624999999999999556e-01
7.484374999999999778e-01
7.937499999999999556e-01
7.984375000000000222e-01
7.500000000000000000e-01
7.796874999999999778e-01
7.921875000000000444e-01
7.921875000000000444e-01
8.062500000000000222e-01
7.953124999999999778e-01
7.890625000000000000e-01
7.812500000000000000e-01
7.828125000000000222e-01
7.859374999999999556e-01
8.046875000000000000e-01
7.828125000000000222e-01
7.859374999999999556e-01
7.968750000000000000e-01
7.921875000000000444e-01
7.687500000000000444e-01
7.906250000000000222e-01
7.890625000000000000e-01
7.796874999999999778e-01
7.390624999999999556e-01
8.015624999999999556e-01
7.968750000000000000e-01
7.531250000000000444e-01
7.546874999999999556e-01
8.000000000000000444e-01
8.015624999999999556e-01
7.624999999999999556e-01
7.500000000000000000e-01
7.796874999999999778e-01
7.859374999999999556e-01
8.046875000000000000e-01
7.468749999999999556e-01
7.828125000000000222e-01
7.781249999999999556e-01
7.609375000000000444e-01
7.859374999999999556e-01
7.765625000000000444e-01
7.796874999999999778e-01
7.812500000000000000e-01
7.796874999999999778e-01
7.984375000000000222e-01
7.375000000000000444e-01
7.562499999999999778e-01
8.109374999999999778e-01
7.843750000000000444e-01
7.624999999999999556e-01
8.062500000000000222e-01
7.796874999999999778e-01
7.812500000000000000e-01
7.640624999999999778e-01
7.484374999999999778e-01
7.890625000000000000e-01
7.765625000000000444e-01
7.843750000000000444e-01
7.781249999999999556e-01
8.046875000000000000e-01
8.000000000000000444e-01
7.765625000000000444e-01
7.984375000000000222e-01
7.671875000000000222e-01
7.656250000000000000e-01
7.874999999999999778e-01
7.468749999999999556e-01
7.796874999999999778e-01
7.874999999999999778e-01
8.078125000000000444e-01
8.000000000000000444e-01
7.859374999999999556e-01
7.687500000000000444e-01
7.843750000000000444e-01
7.718749999999999778e-01
7.828125000000000222e-01
7.531250000000000444e-01
7.921875000000000444e-01
7.765625000000000444e-01
7.968750000000000000e-01
7.921875000000000444e-01
7.750000000000000222e-01
7.874999999999999778e-01
7.687500000000000444e-01
7.671875000000000222e-01
7.734375000000000000e-01
7.781249999999999556e-01
7.671875000000000222e-01
8.140625000000000222e-01
7.765625000000000444e-01
7.874999999999999778e-01
7.874999999999999778e-01
7.562499999999999778e-01
8.046875000000000000e-01
7.921875000000000444e-01
7.890625000000000000e-01
7.906250000000000222e-01
7.515625000000000222e-01
7.718749999999999778e-01
7.781249999999999556e-01
7.718749999999999778e-01
7.921875000000000444e-01
7.687500000000000444e-01
7.765625000000000444e-01
7.843750000000000444e-01
7.531250000000000444e-01
7.593750000000000222e-01
7.968750000000000000e-01
7.843750000000000444e-01
7.921875000000000444e-01
8.140625000000000222e-01
7.765625000000000444e-01
8.171874999999999556e-01
7.796874999999999778e-01
7.562499999999999778e-01
8.156250000000000444e-01
7.890625000000000000e-01
7.921875000000000444e-01
7.593750000000000222e-01
7.843750000000000444e-01
7.781249999999999556e-01
7.718749999999999778e-01
7.750000000000000222e-01
7.874999999999999778e-01
7.859374999999999556e-01
7.812500000000000000e-01
8.171874999999999556e-01
7.781249999999999556e-01
7.484374999999999778e-01
7.843750000000000444e-01
7.874999999999999778e-01
7.734375000000000000e-01
7.656250000000000000e-01
7.796874999999999778e-01
7.718749999999999778e-01
7.781249999999999556e-01
7.671875000000000222e-01
7.609375000000000444e-01
7.859374999999999556e-01
