1.009934186935424805e+01
6.593710923194885609e+00
4.556354427337646840e+00
3.304604506492614835e+00
2.520254170894622892e+00
2.016057586669921964e+00
1.678697770833969205e+00
1.449276816844940141e+00
1.296080982685089200e+00
1.192289280891418501e+00
1.142684280872344971e+00
1.058863079547882169e+00
1.014632996916770891e+00
9.755815029144286887e-01
9.437970846891403642e-01
9.181057244539261308e-01
8.911037027835846391e-01
9.035352975130080955e-01
8.975118488073349221e-01
8.739772289991378784e-01
8.711088925600052324e-01
8.422474324703216331e-01
8.266521751880645530e-01
8.160205543041229026e-01
8.080370157957077470e-01
7.988244354724883811e-01
7.914359182119369285e-01
7.849296092987060325e-01
7.790718674659729004e-01
8.705098599195479903e-01
8.943680703639984575e-01
8.319939672946929932e-01
8.050469845533371194e-01
7.857006222009659258e-01
7.705416738986968772e-01
7.649385660886764970e-01
7.523255914449691328e-01
7.555852830410003662e-01
7.502860486507415549e-01
7.448452979326247725e-01
7.378592431545257790e-01
7.219275861978531328e-01
7.327814102172851562e-01
7.250787466764450073e-01
7.478167444467545000e-01
7.623925924301147017e-01
7.467726171016693115e-01
7.343038409948349221e-01
7.219987094402313677e-01
7.151233166456222312e-01
7.148262202739715798e-01
7.286262780427932295e-01
7.018223017454147117e-01
7.230114698410033958e-01
7.112783104181289451e-01
7.076896458864212480e-01
7.087909609079361406e-01
7.063873738050461260e-01
7.010425180196762085e-01
7.083570450544357522e-01
7.095009714365005937e-01
7.184628158807754295e-01
7.116505712270736472e-01
7.085708081722259521e-01
7.043990254402160422e-01
7.131264299154281838e-01
7.499213069677352905e-01
7.669353902339934859e-01
7.381855368614196333e-01
7.355466604232787642e-01
7.150514245033263716e-01
7.220057845115661621e-01
7.182776689529418723e-01
7.225024610757827537e-01
7.065673261880874856e-01
7.275112003087997881e-01
7.202856481075287087e-01
7.151358276605606079e-01
7.019067496061325295e-01
7.151459485292435136e-01
7.149981111288070679e-01
7.168182551860808882e-01
7.177606761455536111e-01
7.026504784822463767e-01
6.983111917972564253e-01
7.262941360473632590e-01
7.086300045251846536e-01
7.105568766593932661e-01
7.006645232439041582e-01
6.960611343383789062e-01
6.922872275114059226e-01
6.812421441078185813e-01
6.795582741498946699e-01
6.959356278181075828e-01
7.120596230030059592e-01
6.984697580337524414e-01
6.928510189056396040e-01
7.068889439105987549e-01
6.967447727918625322e-01
6.914460450410843118e-01
6.980716377496719582e-01
7.196401655673980713e-01
7.040479630231857300e-01
6.957839071750641091e-01
6.958306044340133445e-01
6.867093890905380249e-01
7.100349664688110352e-01
7.378899455070495605e-01
7.344781190156937090e-01
7.240868806838989258e-01
7.216314405202866045e-01
7.246249556541443093e-01
7.164574265480041504e-01
6.986061841249465720e-01
7.019756048917770164e-01
6.965799629688262939e-01
7.129582554101944192e-01
6.943581908941268699e-01
7.152865171432495339e-01
7.044025033712386641e-01
7.225266605615615623e-01
7.152422100305557695e-01
7.388828247785568237e-01
7.120562553405761497e-01
7.007433414459228738e-01
7.381720185279846413e-01
7.342255353927612527e-01
7.072017610073089156e-01
7.085038751363754717e-01
7.292332410812377708e-01
7.412781000137329546e-01
7.133938252925873247e-01
7.136037707328796165e-01
7.028668135404586570e-01
7.134170353412627730e-01
6.889602482318878396e-01
6.983899921178817749e-01
6.825662553310394287e-01
6.871274292469025102e-01
6.935201734304428101e-01
6.969611793756484985e-01
6.842148512601852195e-01
6.929536849260330422e-01
6.937360823154449241e-01
7.017697185277939065e-01
6.865542769432068093e-01
6.857140928506850752e-01
6.847008794546127763e-01
7.111888736486434714e-01
6.803787320852279219e-01
6.878772258758545366e-01
6.937753587961197344e-01
6.919742166996002419e-01
6.729073554277420488e-01
6.961770176887511763e-01
7.189861387014389038e-01
7.259830564260483232e-01
7.102426469326019731e-01
6.939262032508850542e-01
6.998989701271056685e-01
7.042843103408813477e-01
6.991069436073302779e-01
6.889000713825226274e-01
6.985746860504150613e-01
7.049063593149185181e-01
7.072863429784774780e-01
6.889425665140151978e-01
6.835303604602813721e-01
7.068154662847518921e-01
8.505963623523712380e-01
8.345998346805572066e-01
7.880028188228607178e-01
7.685027062892914040e-01
7.562468826770782915e-01
7.342068284749985185e-01
7.426472455263137817e-01
7.375600367784500566e-01
7.269826710224152055e-01
7.181818455457686934e-01
7.149407804012298806e-01
7.094226360321045366e-01
7.187811672687530740e-01
7.801015764474868996e-01
7.657976537942886575e-01
7.349065691232681274e-01
7.211531877517700639e-01
6.993178099393844160e-01
7.119115024805069414e-01
7.273730278015136941e-01
7.230843961238860862e-01
6.942821949720382468e-01
7.039159417152405229e-01
7.303784400224685447e-01
7.269249886274338213e-01
7.093695014715194480e-01
6.885492414236068504e-01
6.883387893438339677e-01
7.005569905042647871e-01
7.127233803272247092e-01
6.867039859294891135e-01
7.027008384466171265e-01
6.934035629034042136e-01
7.159096568822860274e-01
6.956347942352294478e-01
6.763733863830566628e-01
6.887436389923096147e-01
6.888539910316466841e-01
6.893092751502990501e-01
7.021775424480438677e-01
6.878282785415649192e-01
7.361879348754882812e-01
8.329280674457549827e-01
7.371677100658416970e-01
7.080173432826996072e-01
6.879610449075699297e-01
7.010353296995163186e-01
6.716745674610138384e-01
6.984134405851364358e-01
6.846818774938583374e-01
7.053129076957702637e-01
6.954271972179413286e-01
7.115530610084533913e-01
6.878032088279724121e-01
6.885372996330261230e-01
6.943570137023925559e-01
7.107598692178725974e-01
7.210387408733367476e-01
6.921318352222443071e-01
6.783737152814864890e-01
6.835283428430557473e-01
7.142596542835235596e-01
6.981233507394790649e-01
7.061309546232223955e-01
6.897570669651031938e-01
6.710237830877303633e-01
6.836976498365402444e-01
6.859509408473968284e-01
6.938025355339050293e-01
6.836435526609421220e-01
6.869776517152785811e-01
6.935920894145966020e-01
6.903562307357787864e-01
6.982063919305800948e-01
6.938477367162704246e-01
6.962290853261947632e-01
6.900394499301910622e-01
6.750567615032195823e-01
6.910627454519271406e-01
6.893032252788543479e-01
6.883072882890701738e-01
6.732823699712753296e-01
6.759918630123138428e-01
6.830244928598403487e-01
6.809535920619964600e-01
6.947118133306503518e-01
6.910973519086838213e-01
6.822327733039855735e-01
6.821941554546355757e-01
6.919138669967651589e-01
7.030029714107512984e-01
7.180262714624404685e-01
7.108774393796920554e-01
6.891814380884170310e-01
6.945801198482512984e-01
6.911819964647293313e-01
6.946873724460601585e-01
6.747079163789748701e-01
6.948988676071167214e-01
6.807560831308364646e-01
6.948252111673355325e-01
6.809157818555832131e-01
6.890458136796950850e-01
6.865679889917373213e-01
6.743444681167602983e-01
7.015825062990188599e-01
6.954960823059082031e-01
6.727417379617690596e-01
6.918344676494598833e-01
6.720113784074783769e-01
6.634428948163986206e-01
6.819351971149444358e-01
6.723033875226974709e-01
6.767338603734970315e-01
6.960151910781859907e-01
6.941021412611008135e-01
6.929027825593948586e-01
6.833020716905593428e-01
6.998539417982101440e-01
6.829556047916411909e-01
6.996215850114821944e-01
6.853995621204376221e-01
6.904417783021926658e-01
6.912867635488509910e-01
6.963513672351837602e-01
6.869383662939071433e-01
6.812266886234283891e-01
6.880977541208267434e-01
6.746835172176360862e-01
6.834312528371810913e-01
6.623395055532455000e-01
6.763360470533370528e-01
6.832571327686309814e-01
6.745177090167999712e-01
6.773668915033340676e-01
7.102914690971374734e-01
6.856286257505417314e-01
6.630746811628341897e-01
6.961708933115005049e-01
6.861591577529907449e-01
6.863535821437836137e-01
6.951956301927566528e-01
6.710952043533324751e-01
6.856350928544998613e-01
6.924354046583175437e-01
6.844578832387924194e-01
6.823743641376495139e-01
7.593306869268416914e-01
6.960662633180618730e-01
6.986545562744140847e-01
6.837539821863174438e-01
6.813181906938552412e-01
6.870721399784087691e-01
6.865998715162277000e-01
6.785237401723861472e-01
6.857844978570938332e-01
6.809771090745926347e-01
6.808680087327957375e-01
6.846643924713134988e-01
6.820706278085708618e-01
6.722030103206634299e-01
6.946668237447738425e-01
6.872818440198897871e-01
7.111736327409744485e-01
6.944985896348953025e-01
6.811830490827560647e-01
6.939069479703903198e-01
7.046199172735214677e-01
7.179025322198867576e-01
6.907815277576446755e-01
6.867584019899368730e-01
6.817194283008575217e-01
6.735179960727691872e-01
6.810590684413909690e-01
6.775194406509399414e-01
6.892448604106903298e-01
6.951247900724411011e-01
6.942889571189880815e-01
6.758925288915633711e-01
6.790842562913894653e-01
7.308732897043228594e-01
7.021459966897964922e-01
6.796492844820022361e-01
6.905853331089020219e-01
6.786328911781310813e-01
6.890560686588287354e-01
6.888424485921860185e-01
6.907335907220840676e-01
6.745864659547805564e-01
6.656606256961822288e-01
6.755326300859451072e-01
6.869115948677062544e-01
6.902591705322265181e-01
6.870841681957244873e-01
6.882125914096832719e-01
6.982782214879990068e-01
6.913146108388901201e-01
6.876178622245788796e-01
6.938427090644836426e-01
6.964673936367035134e-01
6.830976545810699685e-01
6.933708965778351274e-01
6.865346848964690718e-01
6.819326460361481157e-01
6.782836973667144553e-01
6.919221252202987227e-01
6.898502141237259355e-01
6.857273191213607566e-01
6.933423072099685891e-01
6.937101006507873091e-01
6.815119445323943870e-01
7.052554547786712424e-01
6.928752630949019942e-01
6.931458950042724831e-01
6.949878543615340964e-01
6.787917375564574973e-01
6.951633512973784956e-01
6.925699621438979880e-01
6.920383751392364946e-01
6.919015288352966531e-01
6.873239994049071822e-01
6.830862075090408103e-01
6.917101114988326582e-01
6.951648324728012529e-01
6.982555866241455522e-01
6.901408642530441062e-01
6.790397465229034424e-01
6.952886044979095237e-01
6.668241143226623091e-01
6.975298106670380083e-01
6.923640757799148782e-01
6.872141778469085249e-01
6.894891411066055298e-01
7.007183492183685081e-01
6.772446870803833230e-01
6.855155706405640093e-01
6.987000823020934615e-01
6.962422817945480569e-01
6.825202763080596702e-01
6.712679386138915572e-01
7.115003913640975952e-01
6.860924214124679565e-01
6.857397913932800071e-01
6.845867753028869185e-01
6.812367111444472823e-01
6.910111010074615479e-01
6.883957535028457642e-01
6.863406598567962646e-01
6.928140968084335327e-01
6.967701375484466331e-01
6.808502793312072310e-01
6.851870179176330344e-01
7.015201538801193459e-01
6.642452597618102583e-01
6.921432107686996682e-01
6.873445451259613259e-01
6.765776097774505171e-01
6.772716492414474487e-01
6.881480574607848899e-01
6.861007958650588989e-01
6.877787530422210249e-01
6.736480027437210527e-01
6.801109760999679565e-01
6.780799657106399980e-01
6.995481669902801070e-01
7.071940064430236594e-01
6.790586084127425703e-01
6.974668323993682417e-01
6.955090254545212014e-01
6.776429027318954246e-01
6.839545249938965288e-01
6.808875918388366255e-01
6.853141158819198164e-01
6.822473615407943504e-01
6.883753895759582297e-01
6.741174757480621338e-01
6.986682653427124245e-01
6.876220047473907693e-01
6.806443989276885764e-01
6.811779260635375532e-01
6.874035000801086426e-01
6.871074378490448220e-01
6.981036156415939553e-01
6.838179647922515425e-01
6.930776327848434670e-01
6.904760152101516724e-01
7.038872212171554121e-01
6.835460573434829490e-01
6.833578169345855269e-01
6.686968982219696489e-01
7.697141259908676370e-01
8.078931629657745139e-01
7.562882453203201294e-01
7.191600024700164351e-01
7.049324691295624223e-01
6.995919734239578469e-01
6.826003462076186690e-01
6.908132255077361616e-01
6.904517203569412453e-01
6.974075555801391157e-01
6.786079496145248635e-01
6.942252784967422041e-01
6.945739448070525901e-01
6.883296102285385576e-01
6.976956188678741233e-01
6.904151350259780662e-01
6.923417896032333374e-01
6.782369613647460938e-01
6.650162577629089578e-01
7.083157449960708618e-01
6.889119088649749978e-01
6.725813090801239236e-01
6.884365856647491899e-01
6.790780425071716309e-01
6.775461494922637717e-01
6.986460804939269575e-01
7.023263216018676980e-01
6.922109127044677734e-01
7.089951366186142412e-01
6.795721322298049483e-01
6.801104992628097534e-01
6.808536231517792192e-01
6.750704675912857500e-01
6.846937119960785356e-01
6.893537431955337746e-01
6.765335053205490112e-01
6.848946124315261619e-01
6.875266373157501443e-01
7.004531443119048628e-01
6.890220552682876365e-01
6.802466601133346780e-01
6.730410069227218406e-01
6.734469562768936601e-01
6.866341501474380049e-01
7.090903818607330322e-01
6.906139135360718218e-01
6.784773200750351396e-01
6.740979433059692827e-01
6.784666240215301292e-01
6.879714041948318259e-01
7.072157561779022217e-01
6.752953916788101418e-01
7.095988243818283081e-01
6.845212072134018166e-01
6.828059345483780129e-01
6.793745458126068115e-01
6.871817976236342940e-01
6.816882759332656416e-01
6.800193190574645996e-01
7.017178028821945412e-01
6.911743909120560136e-01
6.940043568611145020e-01
6.757892519235610962e-01
6.675333231687545776e-01
6.819480687379837480e-01
6.677765518426894698e-01
6.864552557468414085e-01
7.016651988029479758e-01
6.842276632785797563e-01
6.936542749404907005e-01
6.854668706655502319e-01
6.903458952903747115e-01
6.937635332345962746e-01
6.827973484992980735e-01
6.857431948184966597e-01
6.808161437511444092e-01
6.804572373628616777e-01
6.852059304714203103e-01
6.870418339967727661e-01
6.776306718587875588e-01
6.779623419046402200e-01
6.843921124935150591e-01
6.934953302145003828e-01
6.851425766944885254e-01
6.929210931062698142e-01
6.793125748634338823e-01
6.646660000085831133e-01
6.797001510858535767e-01
6.939072340726852861e-01
6.809113711118698342e-01
6.720103204250336137e-01
6.916093856096268144e-01
6.970074236392974631e-01
6.772990524768829346e-01
6.590026438236236128e-01
6.951840251684189287e-01
6.941703438758850542e-01
6.808434903621674028e-01
6.717124372720718606e-01
6.809789925813675149e-01
6.840787738561630027e-01
6.869409292936324851e-01
6.712725788354874101e-01
6.690076619386673418e-01
6.818849563598632368e-01
6.767211198806762917e-01
6.812561988830566628e-01
6.897302746772766557e-01
6.793354630470276323e-01
6.702943950891494529e-01
6.668871730566025002e-01
6.876631498336791548e-01
6.872278034687042680e-01
6.915944904088974221e-01
6.822627872228622659e-01
6.756688624620437178e-01
6.805526584386825117e-01
6.796041399240493330e-01
6.769586414098739402e-01
6.859003067016601340e-01
6.883802562952041626e-01
6.898871451616287453e-01
6.982068985700606856e-01
7.046705216169357744e-01
6.890520572662353072e-01
6.964037120342254639e-01
6.848138213157654031e-01
6.958546757698058638e-01
6.750898927450179610e-01
6.805697917938232644e-01
6.759508848190307617e-01
6.795710414648056252e-01
6.740870505571365801e-01
6.868926495313644187e-01
6.795758515596389548e-01
7.070258021354675071e-01
7.024952560663223489e-01
6.971725702285767046e-01
6.907191872596740723e-01
6.751395165920257568e-01
6.836095571517943892e-01
6.857917010784149170e-01
6.849357604980468306e-01
6.775883793830871360e-01
6.669952064752578957e-01
6.678818583488463911e-01
6.710608303546905518e-01
6.588469803333282249e-01
6.845530986785888228e-01
7.102776408195495828e-01
6.989878952503204568e-01
6.827473282814026101e-01
6.950511366128921953e-01
6.800679743289947954e-01
6.853216439485549927e-01
6.978223085403442161e-01
6.922915101051330122e-01
6.931822538375854714e-01
6.875585615634918213e-01
6.990085244178771973e-01
6.898841261863708496e-01
6.711378157138824241e-01
6.682622402906417403e-01
6.785909831523895264e-01
6.854291856288909912e-01
7.145577639341353926e-01
7.099697917699814287e-01
7.125131934881210327e-01
6.845270127058029619e-01
6.906688928604125532e-01
6.920869588851928933e-01
6.774039655923843606e-01
6.911458164453506692e-01
6.618728578090667947e-01
6.898868262767792192e-01
7.025969892740249190e-01
6.874410837888718095e-01
6.900347292423247847e-01
6.783809244632721391e-01
6.992759823799132857e-01
6.949185460805893388e-01
6.631941676139831987e-01
6.924806594848632590e-01
7.024852693080901878e-01
6.880497664213180986e-01
6.739324659109116045e-01
6.839314281940460649e-01
6.870186448097228560e-01
6.888822376728057639e-01
6.795995861291885820e-01
6.803301513195038064e-01
6.801799446344375388e-01
6.893628299236297385e-01
6.725024998188018355e-01
6.759802103042602539e-01
8.036352187395096047e-01
7.622100532054900679e-01
6.944882333278655784e-01
6.821809649467468484e-01
6.289201289415359275e-01
6.364711701869965044e-01
6.218246430158614890e-01
6.801027566194534080e-01
7.219341188669204934e-01
6.560756415128707886e-01
6.022701323032378928e-01
5.992101490497588889e-01
6.453668966889380965e-01
6.351113885641097578e-01
6.034055486321449058e-01
5.406077727675437927e-01
5.687935620546340498e-01
5.617171332240105119e-01
5.291758909821510093e-01
5.381238147616386192e-01
5.470425561070442200e-01
5.816974133253097756e-01
5.876438379287719505e-01
5.736923500895499961e-01
5.421881631016731706e-01
5.330008372664452043e-01
5.268089875578880754e-01
5.557763978838921037e-01
5.114510193467139976e-01
5.523683100938796553e-01
5.201198279857635054e-01
5.394389972090720686e-01
5.532741010189056174e-01
5.334556072950362715e-01
5.723481371998786482e-01
5.378153219819068465e-01
5.459930837154388650e-01
5.327256202697754350e-01
5.342225655913352966e-01
5.403266519308089766e-01
5.410438433289528337e-01
5.504581972956656966e-01
5.388264909386635271e-01
5.295352980494498762e-01
5.296066194772720559e-01
5.183648839592933655e-01
5.098860740661621538e-01
4.970829248428344505e-01
5.034331247210502847e-01
5.314715012907982317e-01
5.287487104535102400e-01
5.233838155865668806e-01
5.100038930773734824e-01
5.271235927939414978e-01
5.232706204056739585e-01
5.513607621192931907e-01
5.742982357740402666e-01
5.458790183067321333e-01
5.123703047633171304e-01
5.271821469068527222e-01
5.114180535078048928e-01
5.130239069461822732e-01
4.966190457344055176e-01
5.034505456686020342e-01
4.921358823776245117e-01
5.374113917350769043e-01
5.016389638185501099e-01
5.206448182463645491e-01
4.866726264357567056e-01
4.815424457192420959e-01
4.883121237158775108e-01
5.169298902153969255e-01
4.824469819664954917e-01
5.250252634286880493e-01
5.322488591074943098e-01
5.083364903926849143e-01
5.262437582015990767e-01
4.971148759126663430e-01
4.852191343903541343e-01
5.256052464246749878e-01
5.725645676255226579e-01
5.476574197411536726e-01
5.345848351716995239e-01
5.094859644770621809e-01
4.930493831634521484e-01
5.176685929298401323e-01
5.358070448040962441e-01
5.305262625217437300e-01
5.233923479914665000e-01
5.073437958955764326e-01
5.033030673861503823e-01
4.770740956068039162e-01
5.156258016824721846e-01
5.294094845652580483e-01
4.777309700846671947e-01
4.885822266340255626e-01
5.115769013762474504e-01
5.111668616533279197e-01
5.128365769982338174e-01
5.172177866101265176e-01
5.163144960999488386e-01
5.174243807792663352e-01
5.156770929694175498e-01
5.084585800766945329e-01
5.146926671266556230e-01
5.388180017471313477e-01
5.263537213206290755e-01
4.780213728547096363e-01
5.271792769432067649e-01
5.127712577581405862e-01
5.375898405909538269e-01
5.605118140578270181e-01
5.437679603695869668e-01
5.329806476831435713e-01
5.339849710464477095e-01
5.257540956139564736e-01
5.174255013465881570e-01
5.047978296875953452e-01
5.055237561464309692e-01
5.029473602771759033e-01
5.347709238529205766e-01
5.213959291577339172e-01
5.230169460177421792e-01
5.174583524465561357e-01
5.242951452732086404e-01
5.181371748447418657e-01
5.212120667099953142e-01
4.837571516633033530e-01
5.280545443296432717e-01
4.768627613782882579e-01
4.986930623650550620e-01
4.961395666003227123e-01
5.872122973203659502e-01
5.165977492928505166e-01
5.510738834738730940e-01
4.926431953907012828e-01
5.038767665624618308e-01
5.389976352453231812e-01
4.892046675086021423e-01
5.159785002470016479e-01
4.867518886923790089e-01
4.898774549365043640e-01
4.920560270547866821e-01
5.220166087150573953e-01
5.419650569558143172e-01
5.125079602003097534e-01
5.147142514586449114e-01
5.020559355616569519e-01
4.845381364226341026e-01
4.872219115495681763e-01
4.831518530845642090e-01
5.377267077565193176e-01
5.017763018608093484e-01
5.081598043441772905e-01
4.950528308749199136e-01
5.121253132820129395e-01
4.898130819201469421e-01
4.929179012775420921e-01
5.307117536664008872e-01
5.173842176795006020e-01
4.913717582821846008e-01
4.905059054493904336e-01
4.965204089879989846e-01
4.972397685050964355e-01
5.382096976041793601e-01
4.792618349194526783e-01
4.950102865695953369e-01
4.942524641752242820e-01
4.656801447272300720e-01
4.765869155526161194e-01
4.618238523602485879e-01
5.189139515161513838e-01
5.218482598662376182e-01
5.338553026318549888e-01
5.225484356284141318e-01
4.808455571532249673e-01
4.810766339302062766e-01
5.189727097749710083e-01
4.964282527565956338e-01
5.283064559102058633e-01
5.060705840587615967e-01
4.860735312104225159e-01
4.964519739151000977e-01
5.229552358388900313e-01
4.725820168852806202e-01
5.438240393996238708e-01
5.057484284043312073e-01
5.074249073863029702e-01
5.162977248430251631e-01
4.987422734498977439e-01
5.264876171946525352e-01
4.963692903518676647e-01
5.267162486910820229e-01
4.918608590960502625e-01
4.526302874088287131e-01
5.051940381526947021e-01
5.399340823292732017e-01
4.950742885470390542e-01
5.267469078302383645e-01
5.131342694163322227e-01
5.119692966341972129e-01
4.870051607489586099e-01
4.950467169284820668e-01
4.899881809949874767e-01
5.179196983575821145e-01
5.196612790226936562e-01
5.058297410607337508e-01
5.319119960069655928e-01
5.571190893650055376e-01
5.062333211302757485e-01
4.965624585747718811e-01
5.589774683117866294e-01
5.239036530256271362e-01
4.921582177281379478e-01
4.871371492743492015e-01
4.819170683622360229e-01
4.838467434048652760e-01
5.053467169404030068e-01
4.959303498268127219e-01
4.938738301396369823e-01
5.115961849689483198e-01
4.778329879045486450e-01
5.080805689096450362e-01
4.997281014919280895e-01
4.736232772469520791e-01
4.979045897722244041e-01
5.366092577576637712e-01
5.030691236257552879e-01
5.177139788866043091e-01
5.156914934515952620e-01
5.611395776271820290e-01
5.054458111524582353e-01
4.984201982617378346e-01
5.347215026617050393e-01
5.654344618320464866e-01
4.874853536486625782e-01
5.143596693873405679e-01
5.138228133320807967e-01
5.313297703862189802e-01
4.952019348740577809e-01
4.978470116853713767e-01
4.614419683814048878e-01
5.297841101884841475e-01
5.164470314979553445e-01
5.312861219048500283e-01
5.400178506970405579e-01
5.132776573300361633e-01
5.082438230514526589e-01
5.085691660642623901e-01
4.880559667944908142e-01
4.860401526093482971e-01
4.711924076080322155e-01
6.023355051875114441e-01
5.650229841470718606e-01
4.913558170199394115e-01
5.307127743959426658e-01
5.366192638874054399e-01
4.912274867296219094e-01
5.209636718034744707e-01
5.095901802182197793e-01
5.224355116486549822e-01
5.714310109615325928e-01
5.298363074660301653e-01
5.842736244201660600e-01
5.246022924780845420e-01
5.243306264281273332e-01
4.701722681522369496e-01
4.687427714467048423e-01
5.197969108819961992e-01
4.854014620184898265e-01
5.402499586343765259e-01
5.174564495682716370e-01
5.044154867529868636e-01
5.390984281897545083e-01
5.250613003969192283e-01
4.951407864689826854e-01
4.693428777158260568e-01
4.799793645739555137e-01
4.899530380964279286e-01
5.203743278980255127e-01
4.965699076652526633e-01
5.388008370995521767e-01
5.101053357124328835e-01
5.254206389188766924e-01
4.840136617422103882e-01
4.977903112769127003e-01
4.928365170955658070e-01
4.885297223925590404e-01
5.266527131199836287e-01
5.138572752475738525e-01
5.072371631860732588e-01
5.171992644667625649e-01
5.049187064170836958e-01
4.766470849514007346e-01
5.235178023576736450e-01
5.153293594717979209e-01
5.381937474012374878e-01
5.293605163693427818e-01
5.217415273189545122e-01
5.572579383850098100e-01
4.888970121741295083e-01
5.004051312804221885e-01
4.924690306186675914e-01
4.852828085422515869e-01
5.302978605031967163e-01
4.974467992782592995e-01
4.893661484122276417e-01
5.242070794105530007e-01
4.877335384488105663e-01
5.256842121481895003e-01
4.884693570435046928e-01
5.114628747105598450e-01
5.492709994316100630e-01
5.460096061229705589e-01
4.979765430092811807e-01
5.162392392754554526e-01
5.037483319640159163e-01
4.563350170850754006e-01
5.135466173291206582e-01
4.787528350949287193e-01
4.901856526732444874e-01
5.115507349371910539e-01
4.841378733515739330e-01
4.903275102376937755e-01
5.013308376073837280e-01
5.186295047402381675e-01
4.695409566164016613e-01
4.960197538137435802e-01
5.227835178375244141e-01
5.195357784628867881e-01
4.986919611692428589e-01
4.970422104001045449e-01
5.318269178271293196e-01
4.682246610522270425e-01
5.173665970563888772e-01
5.185592591762542281e-01
4.953641876578330772e-01
5.082302808761596236e-01
5.066623061895370039e-01
5.145218119025229964e-01
4.840523198246955983e-01
4.984796717762947083e-01
5.001894831657409668e-01
5.040767103433608787e-01
5.102431654930115190e-01
4.624673008918762096e-01
