6.296073717948718063e-01
6.870192307692307709e-01
6.969551282051281715e-01
6.651842948717948678e-01
6.643830128205128194e-01
6.768429487179487003e-01
6.472355769230768718e-01
5.829727564102563653e-01
5.680689102564102644e-01
5.845352564102563875e-01
6.239583333333332815e-01
6.527644230769230616e-01
6.431089743589744057e-01
6.703926282051282382e-01
6.911858974358974228e-01
6.881810897435897134e-01
6.769631410256410353e-01
6.888621794871795379e-01
6.050881410256410131e-01
6.293669871794871362e-01
6.436298076923077094e-01
6.601362179487179072e-01
6.766826923076922906e-01
6.809695512820512775e-01
6.877804487179487447e-01
6.988782051282050878e-01
7.021634615384615419e-01
7.141025641025641191e-01
7.122195512820512775e-01
7.185897435897435903e-01
7.229166666666666519e-01
7.301282051282050878e-01
7.294471153846153744e-01
7.372996794871794490e-01
7.471554487179487003e-01
7.346554487179487447e-01
7.130208333333333259e-01
7.274439102564103088e-01
7.424679487179487447e-01
7.569711538461538769e-01
7.539663461538461675e-01
7.641826923076923128e-01
7.720753205128204621e-01
7.733573717948717396e-01
7.777243589743589869e-01
7.776842948717949122e-01
7.822916666666667185e-01
7.807291666666666963e-01
7.862980769230769607e-01
7.888621794871795156e-01
7.537660256410256832e-01
7.651442307692307709e-01
7.798878205128204621e-01
7.828926282051281715e-01
7.866185897435897800e-01
7.868990384615384137e-01
7.922275641025641191e-01
7.970753205128204844e-01
7.986778846153845812e-01
7.933493589743589869e-01
7.979967948717948678e-01
7.999198717948717841e-01
8.018028846153846256e-01
8.040464743589743613e-01
8.025240384615384137e-01
8.028044871794871584e-01
8.098958333333333703e-01
8.098958333333333703e-01
8.116185897435896912e-01
8.109374999999999778e-01
8.102564102564102644e-01
8.111378205128204621e-01
8.177083333333333703e-01
8.121794871794871806e-01
8.129407051282051544e-01
8.123397435897435903e-01
8.120993589743589203e-01
8.149038461538461453e-01
8.192708333333332815e-01
8.143830128205128416e-01
8.151442307692308153e-01
8.142628205128205066e-01
8.159855769230769384e-01
8.170673076923077316e-01
8.151842948717948900e-01
8.203926282051282604e-01
8.132612179487179738e-01
8.137019230769231282e-01
8.175080128205127750e-01
8.145833333333333259e-01
8.143028846153845812e-01
8.134615384615384581e-01
8.159054487179486781e-01
8.162660256410256832e-01
8.155849358974358587e-01
8.163862179487179072e-01
8.163060897435897578e-01
8.183092948717948234e-01
8.183092948717948234e-01
8.171073717948718063e-01
8.195112179487179516e-01
8.133413461538461231e-01
8.174679487179487003e-01
8.199919871794871806e-01
8.174679487179487003e-01
8.185496794871794934e-01
8.181490384615384137e-01
8.218349358974359475e-01
8.187900641025640525e-01
8.174278846153846256e-01
8.169871794871794712e-01
8.161057692307692735e-01
8.183894230769230838e-01
8.139823717948717618e-01
8.213541666666667185e-01
8.169871794871794712e-01
8.193108974358974672e-01
8.196714743589743613e-01
8.163461538461538325e-01
8.182692307692307487e-01
8.157051282051281937e-01
8.146233974358974006e-01
8.193910256410256165e-01
8.211137820512820484e-01
8.172275641025641413e-01
8.162259615384614975e-01
8.173878205128205510e-01
8.144230769230769162e-01
8.175080128205127750e-01
8.175881410256410353e-01
8.162259615384614975e-01
8.177884615384615197e-01
8.140625000000000222e-01
8.175080128205127750e-01
8.171874999999999556e-01
8.195112179487179516e-01
8.199519230769231060e-01
8.215144230769231282e-01
8.164663461538461675e-01
8.163461538461538325e-01
8.163862179487179072e-01
8.171073717948718063e-01
8.205528846153846700e-01
8.182291666666666741e-01
8.197115384615384359e-01
8.171474358974358809e-01
8.161858974358974228e-01
8.179887820512820040e-01
8.180288461538461897e-01
8.156250000000000444e-01
8.180689102564102644e-01
8.185096153846154188e-01
8.159855769230769384e-01
8.203525641025640747e-01
8.155448717948717841e-01
8.169471153846153966e-01
8.161458333333333481e-01
8.154246794871794490e-01
8.165064102564102422e-01
8.165064102564102422e-01
8.172275641025641413e-01
8.153445512820512997e-01
8.161458333333333481e-01
8.162660256410256832e-01
8.189102564102563875e-01
8.195112179487179516e-01
8.200721153846153300e-01
8.119791666666666963e-01
8.178685897435897800e-01
8.171874999999999556e-01
8.166666666666666519e-01
8.177083333333333703e-01
8.179887820512820040e-01
