8.317646958889105546e-01
7.219397835242442607e-01
6.858015959079448720e-01
6.651156990956037518e-01
6.435842177806756492e-01
6.261320294478001092e-01
6.122487813998491735e-01
5.996675745034829585e-01
5.915618462440295211e-01
5.805348931214748820e-01
5.702927480905484181e-01
5.700161203359945805e-01
5.565706008519881731e-01
5.536307321144984250e-01
5.537490378587673900e-01
5.411853185066810568e-01
5.404763301213582061e-01
5.345174450140732780e-01
5.250008480671124467e-01
5.254818836847940933e-01
5.207432234898591306e-01
5.113867912537012339e-01
5.046584370808723241e-01
5.014689622781215439e-01
4.976304573890490413e-01
4.920120598414005619e-01
4.949595313805800201e-01
4.967738668123881096e-01
4.882323193244444970e-01
4.888408980308434626e-01
4.851945192385942462e-01
4.802721833571409471e-01
4.831634961641751991e-01
4.753923660669571172e-01
4.799757396563505418e-01
4.797015093840085731e-01
4.803448898670000800e-01
4.752121086304004205e-01
4.771447059435722227e-01
4.776433093425554999e-01
4.745399386454851043e-01
4.742848113561287660e-01
4.856038243342668537e-01
4.736520828344882861e-01
4.757160394619672772e-01
4.757919695132817872e-01
4.730335018573663119e-01
4.715274746601398337e-01
4.777123622405223258e-01
4.735061472807174932e-01
4.769356178931700718e-01
4.746523851003402461e-01
4.791283819919977538e-01
4.738728538537636537e-01
4.786777181503100165e-01
4.820033756586221685e-01
4.769676683804927597e-01
4.747668859286185983e-01
4.740157225193121771e-01
4.779614152052463760e-01
4.772796253363291163e-01
4.801015532933748942e-01
4.753907338166848406e-01
4.803281603715358616e-01
4.773068667986454239e-01
4.746785131784586054e-01
