5.264823717948717841e-01
5.565705128205128416e-01
5.896634615384614975e-01
6.145432692307691847e-01
6.369391025641025772e-01
6.504807692307692513e-01
6.671474358974358587e-01
6.808092948717948678e-01
6.916266025641025772e-01
7.014823717948718285e-01
7.072916666666666519e-01
7.116185897435897134e-01
7.214743589743589647e-01
7.233573717948718063e-01
7.245192307692307487e-01
7.310096153846153966e-01
7.409855769230768718e-01
7.443509615384615863e-01
7.472756410256410353e-01
7.522435897435897356e-01
7.582131410256410797e-01
7.635416666666666741e-01
7.679887820512820706e-01
7.737580128205128194e-01
7.722355769230768718e-01
7.776842948717949122e-01
7.751201923076923572e-01
7.758814102564102200e-01
7.811298076923076650e-01
7.776442307692307265e-01
7.834535256410256610e-01
7.858974358974358809e-01
7.864983974358974450e-01
7.866586538461538547e-01
7.874198717948718285e-01
7.859374999999999556e-01
7.845753205128205288e-01
7.887820512820512553e-01
7.875801282051282382e-01
7.880608974358974672e-01
7.902243589743589425e-01
7.905048076923076872e-01
7.826522435897436125e-01
7.905448717948717618e-01
7.910256410256409909e-01
7.879407051282051322e-01
7.912259615384615863e-01
7.916266025641025550e-01
7.864583333333333703e-01
7.907451923076923572e-01
7.874198717948718285e-01
7.913862179487179960e-01
7.861778846153846256e-01
7.893028846153846700e-01
7.909054487179487669e-01
7.838541666666666297e-01
7.884214743589743613e-01
7.903445512820512775e-01
7.925480769230769384e-01
7.868589743589743390e-01
7.887019230769231060e-01
7.859775641025641413e-01
7.891826923076923350e-01
7.862179487179487003e-01
7.862980769230769607e-01
7.870192307692307487e-01
