5.568509615384615863e-01
6.119791666666666297e-01
6.427483974358974006e-01
6.632612179487179516e-01
6.798076923076923350e-01
6.936698717948718285e-01
6.931891025641025994e-01
7.066506410256410131e-01
7.089743589743590091e-01
7.178685897435896912e-01
7.223958333333333481e-01
7.254407051282051322e-01
7.276442307692307931e-01
7.349759615384615641e-01
7.333733974358974672e-01
7.375801282051281937e-01
7.409455128205127972e-01
7.459935897435897578e-01
7.468349358974358809e-01
7.497996794871795156e-01
7.530448717948717841e-01
7.547275641025641413e-01
7.521233974358974006e-01
7.577724358974359253e-01
7.614983974358974228e-01
7.617387820512820928e-01
7.624198717948718063e-01
7.624599358974358809e-01
7.659855769230768940e-01
7.671474358974359475e-01
7.668669871794872028e-01
7.647836538461538769e-01
7.641426282051282382e-01
7.676682692307692513e-01
7.655849358974359253e-01
7.690304487179486781e-01
7.665064102564103088e-01
7.686298076923077094e-01
7.711939102564102644e-01
7.663862179487179738e-01
7.683493589743589647e-01
7.655048076923076650e-01
7.653044871794871806e-01
7.747996794871795379e-01
7.715544871794871584e-01
7.655048076923076650e-01
7.713541666666666741e-01
7.672275641025640969e-01
7.688301282051281937e-01
7.707932692307691847e-01
7.702724358974358809e-01
7.702323717948718063e-01
7.685496794871794490e-01
7.667467948717948678e-01
7.716346153846154188e-01
7.675480769230769162e-01
7.682692307692308153e-01
7.672275641025640969e-01
7.663461538461538991e-01
7.651041666666666963e-01
7.696314102564102422e-01
7.698717948717949122e-01
7.661057692307692291e-01
7.657451923076923350e-01
7.663862179487179738e-01
7.715945512820512331e-01
