8.589044366127405183e-01
6.863445040507194506e-01
6.394512090927515491e-01
6.138943867805676247e-01
6.021374136973649538e-01
5.861576826144487828e-01
5.806862066953609736e-01
5.702850430439679874e-01
5.669567529971782927e-01
5.562974099929516303e-01
5.547594842238303681e-01
5.534669124163114073e-01
5.482911135905828015e-01
5.387382250565748709e-01
5.407158471070803163e-01
5.366696304235702986e-01
5.295189892634367679e-01
5.262207295650090932e-01
5.254208497512035114e-01
5.252313571098523592e-01
5.187182982762654770e-01
5.202027816038865549e-01
5.175896079112322079e-01
5.161321198328947535e-01
5.111022828481136537e-01
5.080299487480750553e-01
5.121143363989316688e-01
5.092987043735308639e-01
5.050285484546269688e-01
5.010372667740552455e-01
5.050908469236814469e-01
5.053847786707755807e-01
5.051831676409794802e-01
5.047571935714819658e-01
5.048262709226363221e-01
5.018094668021568783e-01
5.045082980241530901e-01
5.049561259074089037e-01
5.017005983071449737e-01
5.067349762488634335e-01
5.013803990987630854e-01
5.052187808049031226e-01
5.024690345311776385e-01
4.941038536719786767e-01
5.000643780598273969e-01
5.049973339606553813e-01
4.987613841509207502e-01
5.077705861666264031e-01
5.019095926712721090e-01
4.983848597758855359e-01
4.991929671703240756e-01
4.981910497714311381e-01
5.053378800551097116e-01
5.003323730749961173e-01
5.005428600005614737e-01
4.999311792544829380e-01
5.010744903332148281e-01
5.032649955688378585e-01
5.032938174712352497e-01
5.037524642088474502e-01
4.981916699654016512e-01
5.004151938817440470e-01
5.020482199314313387e-01
5.019306873663877955e-01
5.031172370299314967e-01
5.003462649308718646e-01
