7.018245838668374370e-01
7.037051856594109811e-01
7.050256081946222331e-01
7.072663252240717346e-01
7.095070422535211252e-01
7.140284891165172843e-01
7.186299615877080882e-01
7.251920614596670811e-01
7.331946222791293488e-01
7.444782330345710575e-01
7.553617157490396528e-01
7.679657490396927244e-01
7.848111395646606425e-01
7.987756081946222331e-01
8.114996798975672165e-01
8.299855953905249661e-01
8.429497439180537732e-01
8.568341869398207189e-01
8.708786811779769543e-01
8.797615236875799827e-01
8.893245838668374370e-01
8.991677336747759819e-01
9.063300256081946449e-01
9.174935979513444417e-01
9.225752240717028929e-01
9.280169654289373016e-01
9.339788732394366244e-01
9.389804737516005417e-01
9.418213828425096024e-01
9.471430857874519882e-01
