2.522718537021690910e-01
2.355630436718998133e-01
2.320718676729483232e-01
2.285526073829923233e-01
2.253853901362144474e-01
2.207963224238073396e-01
2.164844830500179118e-01
2.101275659668308260e-01
2.037851528363557596e-01
1.964888465942555007e-01
1.886166378893864570e-01
1.808150585230425544e-01
1.722057357373219244e-01
1.632791550093057320e-01
1.540213761691399952e-01
1.430717283399553785e-01
1.344377779128761996e-01
1.261294489766968396e-01
1.154263664261174355e-01
1.077265528682977008e-01
1.003053534260823360e-01
9.448090593226816936e-02
8.755824152289599926e-02
7.858039823297539861e-02
7.354727525874571459e-02
7.064470559091481916e-02
6.471391455729452735e-02
6.062833763296487932e-02
5.725335608810071947e-02
5.175559815059913027e-02
