4.416079790928424953e-01
4.686535428731869457e-01
4.653746243661794901e-01
4.566704108546941754e-01
4.346621205982489355e-01
4.700078567633261817e-01
4.708172326668714769e-01
4.731129232125404482e-01
4.637302970083860276e-01
4.791236620682936542e-01
4.642169731931808929e-01
4.764618895947932975e-01
4.550484817379560343e-01
4.609133166380417479e-01
4.639873088934482470e-01
4.736517785833432304e-01
4.682763927640058998e-01
4.604761875210663935e-01
4.442415541563278780e-01
4.543833956122398376e-01
4.503516085827962145e-01
4.580722194833632965e-01
4.636923730564422863e-01
4.457891499957977177e-01
4.618280700766123070e-01
4.618374234972855708e-01
4.512071717052887898e-01
4.441109444468449574e-01
