8.089743589743589869e-01
7.929487179487179072e-01
7.967948717948717396e-01
7.980769230769231282e-01
8.083333333333333481e-01
7.810897435897435903e-01
7.961538461538461009e-01
7.903846153846153522e-01
7.935897435897435459e-01
7.858974358974358809e-01
7.942307692307691847e-01
7.910256410256409909e-01
7.897435897435897134e-01
7.939102564102563653e-01
7.971153846153846700e-01
7.839743589743589647e-01
7.881410256410256165e-01
7.955128205128204621e-01
8.041666666666666963e-01
7.955128205128204621e-01
7.996794871794872250e-01
8.048076923076923350e-01
7.903846153846153522e-01
8.022435897435897800e-01
8.009615384615385025e-01
7.862179487179487003e-01
7.971153846153846700e-01
8.070512820512820706e-01
