6.526442307692307265e-01
7.559294871794871584e-01
7.697516025641025772e-01
7.832131410256409909e-01
7.859374999999999556e-01
7.947516025641025994e-01
7.988782051282051766e-01
8.028846153846154188e-01
8.045272435897435903e-01
8.120993589743589203e-01
8.089743589743589869e-01
8.101762820512820040e-01
8.131009615384615641e-01
8.210737179487179738e-01
8.188701923076923128e-01
8.196714743589743613e-01
8.215544871794872028e-01
8.249999999999999556e-01
8.269631410256410575e-01
8.293669871794872028e-01
8.300480769230769162e-01
