6.719537890874422992e-01
5.381595565722538943e-01
5.051866240990467993e-01
4.878443291554084293e-01
4.856649892452435391e-01
4.723513355621924981e-01
4.638188064098358043e-01
4.580279422112000232e-01
4.547991101558391813e-01
4.421850803570869792e-01
4.436918656031290653e-01
4.432178257367550001e-01
4.395727075063265432e-01
4.262242324841328256e-01
4.319126069545745628e-01
4.317052162610567345e-01
4.236640340242630587e-01
4.220684908903561960e-01
4.155596218047997725e-01
4.106418354388994829e-01
4.099042556224725131e-01
