5.223958333333332815e-01
5.645432692307692513e-01
6.014423076923076650e-01
6.366185897435897578e-01
6.709134615384615419e-01
6.891826923076923572e-01
7.073717948717949122e-01
7.194711538461538991e-01
7.295673076923077094e-01
7.437099358974359475e-01
7.449919871794872250e-01
7.513621794871795379e-01
7.590144230769231282e-01
7.645032051282051322e-01
7.666266025641025328e-01
7.687900641025641191e-01
7.758012820512820706e-01
7.777644230769230616e-01
7.851762820512820928e-01
7.871794871794871584e-01
7.891025641025640747e-01
7.904246794871795379e-01
7.941907051282051100e-01
7.917467948717948900e-01
7.943509615384615197e-01
7.980368589743589425e-01
7.937499999999999556e-01
7.937499999999999556e-01
7.925480769230769384e-01
7.962740384615384359e-01
7.930689102564102422e-01
7.955929487179487225e-01
7.957932692307692069e-01
7.960737179487179516e-01
7.946314102564102644e-01
7.932291666666666519e-01
7.961137820512820262e-01
7.939503205128205510e-01
7.947115384615384137e-01
7.949919871794871584e-01
7.965544871794871806e-01
7.922275641025641191e-01
7.970753205128204844e-01
7.967548076923076650e-01
7.918669871794872250e-01
7.951121794871794934e-01
