8.287274528772402560e-01
7.083530869239416106e-01
6.709680587817461461e-01
6.429308203550485601e-01
6.093364348778358419e-01
5.928101392892690669e-01
5.742630504644834488e-01
5.569474099538265222e-01
5.519310530943748461e-01
5.352504198367779020e-01
5.339454566821073556e-01
5.270714368575658559e-01
5.180149918947464238e-01
5.079967362758440741e-01
5.094186286131541230e-01
5.052780129970648737e-01
4.969078369629688630e-01
4.907252794656998263e-01
4.852060674092708581e-01
4.810242578005179404e-01
4.835415407633170126e-01
4.742532045413286323e-01
4.705282877653073070e-01
4.718348793494395732e-01
4.674538994446779117e-01
4.686592511641673453e-01
4.689730120010864867e-01
4.710382272035647522e-01
4.661500958295968777e-01
4.651060694303267851e-01
4.690377632776895900e-01
4.662197317832555421e-01
4.666460587428166162e-01
4.668743754044556993e-01
4.676168651152879940e-01
4.693947307574443117e-01
4.655139068762461085e-01
4.703512502022278441e-01
4.676989576755425926e-01
4.641293114576584000e-01
4.656071059214763053e-01
4.651469874076354372e-01
4.667127545063312066e-01
4.658032388259202849e-01
4.716488928366929789e-01
4.691835417197300906e-01
