8.589313924312591553e-01
8.036212921142578125e-01
7.678297102451324685e-01
7.419653356075286421e-01
7.386332184076309648e-01
7.335750162601470947e-01
7.270196199417113814e-01
7.171414107084274070e-01
7.139423936605453491e-01
7.048659086227416770e-01
7.134893298149108665e-01
6.960603445768356323e-01
7.048652440309524092e-01
6.965005755424499290e-01
7.000826537609100564e-01
7.015754848718642744e-01
6.967028290033340232e-01
6.892587423324585405e-01
6.893160045146942139e-01
6.867983549833297507e-01
6.891623258590697798e-01
6.907513022422790971e-01
6.818363636732100996e-01
6.917045027017593162e-01
6.854910343885421975e-01
6.795386046171187910e-01
6.742906987667083296e-01
6.831712037324905173e-01
6.760979741811752319e-01
6.776588320732116477e-01
6.815698385238647683e-01
6.757546722888946311e-01
6.782016515731811301e-01
6.801464349031448586e-01
6.735733717679976973e-01
6.788014262914657815e-01
6.737239360809326172e-01
6.749237447977065596e-01
6.685827881097793357e-01
6.773905187845230547e-01
6.755579084157943281e-01
6.690177142620086226e-01
6.628707647323608398e-01
6.682329773902893066e-01
6.670666426420212014e-01
6.697979003190994707e-01
6.630329966545105425e-01
6.648264706134796587e-01
6.674196839332580122e-01
6.651690363883971946e-01
6.638805747032165971e-01
6.627071768045424971e-01
6.597400844097137673e-01
6.661596715450286421e-01
6.625199824571609275e-01
6.585192978382110596e-01
6.614239454269409402e-01
6.603639066219330056e-01
6.623848021030426247e-01
6.546924203634262307e-01
6.617622882127761619e-01
6.659731596708298174e-01
6.599375605583190918e-01
6.713877141475677046e-01
6.569810122251510398e-01
6.578620195388793501e-01
6.600681394338607788e-01
6.632206797599792258e-01
6.604445844888686690e-01
6.597621470689774004e-01
6.649168878793716431e-01
6.549976587295531782e-01
6.602766096591949907e-01
6.678747802972793135e-01
6.576617866754531638e-01
6.579491734504699929e-01
6.615491747856140359e-01
6.615067601203918901e-01
6.603178560733795610e-01
6.602167606353759322e-01
6.608351588249206099e-01
6.594616860151291116e-01
6.538029491901398149e-01
6.652272790670394897e-01
6.544155359268188921e-01
6.557608306407928245e-01
6.618156731128692627e-01
6.635141134262084739e-01
6.645572096109390037e-01
6.578169077634811179e-01
6.605912029743195024e-01
6.563910543918609619e-01
6.594775587320327315e-01
6.594642966985702071e-01
6.564492911100388017e-01
6.579780757427216020e-01
6.582965195178985818e-01
6.624263197183608565e-01
6.566052734851837158e-01
6.563199490308762041e-01
6.600262403488159624e-01
6.549927502870559470e-01
6.555711209774017778e-01
6.536011308431625144e-01
6.634235858917236772e-01
6.628147244453430620e-01
6.570738166570663230e-01
6.602283120155334473e-01
6.560339331626892090e-01
6.545195102691649947e-01
6.522795915603637473e-01
6.656894207000731978e-01
6.549774855375289917e-01
6.505725085735321045e-01
6.593723297119140625e-01
6.604299962520598921e-01
6.520473480224608931e-01
6.588779091835021973e-01
6.555216133594512495e-01
6.619813859462737593e-01
6.529634654521941917e-01
6.609634727239608321e-01
6.604130089282989058e-01
6.525483995676040205e-01
6.583321899175643699e-01
6.558234632015228494e-01
6.575029730796814187e-01
6.600189685821533647e-01
6.539985895156860130e-01
6.653836905956268533e-01
6.585664182901382890e-01
6.516977041959762795e-01
6.576210945844650491e-01
6.608552485704421997e-01
6.556517720222473367e-01
6.624772876501083818e-01
6.552620828151702881e-01
6.622056424617767112e-01
6.616250038146972434e-01
6.599803119897842407e-01
6.505858421325683150e-01
6.555627107620238814e-01
6.590360164642333762e-01
6.575006276369095293e-01
6.625212281942367554e-01
6.562841832637786865e-01
6.567197173833847490e-01
6.497242212295532005e-01
6.591965049505233987e-01
6.534711778163909690e-01
6.554018080234527144e-01
6.599523723125457764e-01
6.583847373723983321e-01
6.530862987041473611e-01
6.581937044858932051e-01
6.483045756816864236e-01
6.595277875661850198e-01
6.512028902769089189e-01
6.593091279268264993e-01
6.552402436733245628e-01
