4.998000070452690013e-01
5.104000031948089378e-01
5.224000021815300432e-01
5.376000016927718894e-01
5.315999999642372353e-01
5.445999994874000105e-01
5.480000019073486550e-01
5.486000046133995278e-01
5.516000017523765564e-01
5.617999970912933572e-01
5.508000016212463157e-01
5.709999978542328325e-01
5.616000041365623030e-01
5.658000022172927634e-01
5.671999961137771384e-01
5.623999983072280884e-01
5.700000017881393655e-01
5.708000004291534646e-01
5.741999983787536843e-01
5.734000027179717573e-01
5.798000037670135720e-01
5.785999953746795432e-01
5.812000006437301192e-01
5.683999985456467119e-01
5.814000040292739424e-01
5.833999991416931596e-01
5.893999963998795000e-01
5.825999975204467773e-01
5.928000062704086304e-01
5.876000046730041060e-01
5.848000019788741621e-01
5.897999942302704079e-01
5.890000015497207642e-01
5.956000059843062910e-01
5.929999977350235429e-01
5.914000019431113753e-01
6.076000005006789717e-01
5.951999962329864724e-01
5.921999961137771606e-01
5.848000019788741621e-01
5.876000016927719338e-01
5.958000034093856589e-01
6.065999984741210493e-01
5.994000017642975298e-01
6.043999969959259477e-01
6.005999952554702537e-01
5.981999963521957842e-01
6.012000024318695512e-01
6.005999952554702537e-01
6.024000018835067305e-01
6.092000007629394531e-01
6.036000013351440208e-01
6.069999992847442405e-01
6.055999964475631270e-01
6.069999963045120683e-01
6.121999979019164817e-01
6.035999983549118486e-01
6.136000007390975952e-01
6.113999992609023826e-01
6.121999979019164817e-01
6.042000025510787520e-01
6.059999942779541460e-01
6.083999931812286155e-01
5.955999940633773804e-01
6.148000061511993408e-01
6.223999977111815962e-01
6.071999967098236084e-01
6.034000009298324807e-01
6.082000017166138139e-01
6.102000027894973755e-01
6.045999974012374878e-01
6.140000075101852417e-01
6.055999994277954102e-01
6.106000006198882835e-01
6.148000031709670576e-01
6.020000010728836504e-01
6.054000020027160422e-01
6.145999968051910622e-01
6.207999944686889426e-01
6.097999960184097290e-01
6.134000062942505105e-01
6.143999993801116943e-01
6.172000020742416382e-01
6.140000045299529585e-01
6.166000008583069070e-01
6.096000015735626443e-01
6.166000038385390791e-01
6.042000055313110352e-01
6.105999976396561113e-01
6.131999969482422319e-01
6.022000074386596458e-01
6.119999974966049416e-01
6.142000019550323264e-01
6.074000030755997148e-01
6.156000018119811568e-01
6.168000042438507302e-01
6.103999972343444602e-01
6.054000020027160422e-01
6.131999969482422319e-01
6.234000056982040849e-01
6.134000003337860552e-01
6.184000015258789285e-01
6.156000047922134399e-01
6.212000042200088723e-01
6.041999995708465798e-01
6.031999975442886575e-01
6.126000016927719560e-01
6.068000018596648726e-01
6.164000004529952559e-01
6.144000023603439775e-01
6.236000001430511697e-01
6.076000005006789717e-01
6.168000042438507302e-01
6.188000023365021196e-01
6.090000003576279131e-01
6.054000020027160422e-01
6.214000046253204124e-01
6.126000016927719560e-01
6.146000057458878008e-01
6.088000029325485452e-01
6.208000063896179643e-01
6.098000019788741843e-01
6.112000018358230147e-01
6.208000034093856812e-01
6.116000086069106612e-01
6.081999957561492476e-01
6.134000033140182273e-01
5.979999989271164162e-01
6.122000008821487649e-01
6.076000005006789717e-01
6.127999931573867576e-01
6.214000016450882402e-01
6.138000041246414185e-01
6.096000105142593828e-01
6.162000000476837158e-01
6.075999975204467995e-01
6.154000043869018999e-01
6.110000014305114746e-01
6.150000005960464255e-01
6.126000046730041282e-01
6.165999978780746238e-01
6.196000009775162187e-01
6.122000008821487649e-01
6.048000037670135942e-01
6.146000057458878008e-01
6.096000045537948164e-01
6.093999981880188210e-01
6.294000029563904253e-01
6.062000095844268799e-01
6.142000049352646096e-01
6.110000073909759299e-01
6.095999956130981889e-01
6.157999992370605247e-01
6.132000058889388594e-01
6.187999993562698364e-01
6.238000005483627097e-01
6.136000066995620505e-01
6.199999988079071267e-01
6.039999932050704734e-01
6.153999984264373335e-01
