5.465200039744376737e-01
6.015200001001358432e-01
6.206799989938736051e-01
6.365999984741210760e-01
6.464400035142898737e-01
6.622800004482268799e-01
6.633199971914290893e-01
6.735200005769729215e-01
6.800399982929229425e-01
6.803200048208236650e-01
6.860800009965896118e-01
6.923200011253356490e-01
6.948400008678435880e-01
6.992399978637695579e-01
7.048400002717971624e-01
7.150399982929229736e-01
7.169600009918213335e-01
7.185999953746795565e-01
7.239999991655349243e-01
7.223200029134750899e-01
7.309599959850311413e-01
7.251199960708618608e-01
7.352000004053116378e-01
7.367599999904632657e-01
7.406799995899200351e-01
