7.724922811985015514e-01
6.879937756061553777e-01
6.641158401966095193e-01
6.529359233379363747e-01
6.375224441289901733e-01
6.259117299318313066e-01
6.215215390920638683e-01
6.109210705757140980e-01
6.067292749881744163e-01
6.006049883365630615e-01
5.968352961540221990e-01
5.919279569387435602e-01
5.884511876106262029e-01
5.808485400676727251e-01
5.785469055175781472e-01
5.660052525997162354e-01
5.646166494488715770e-01
5.597721403837203624e-01
5.532815146446228294e-01
5.557403054833411904e-01
5.424424585700035051e-01
5.461405575275420921e-01
5.326939144730568065e-01
5.331147396564483998e-01
5.246516120433807329e-01
