8.327213889360427501e-01
7.741059201955795555e-01
7.672799134254455478e-01
7.637173217535019321e-01
7.573658275604248091e-01
7.553957521915435347e-01
7.534024137258529263e-01
7.527774554491043491e-01
7.447890120744705689e-01
7.443051367998123613e-01
7.431395310163497747e-01
7.350059372186660278e-01
7.468117094039916637e-01
7.375367623567581354e-01
7.425959551334381237e-01
7.446790665388107744e-01
7.400640100240707397e-01
7.372863775491714788e-01
7.399189263582229836e-01
7.376750081777572188e-01
7.380008924007416260e-01
7.371240085363388594e-01
7.382165437936782926e-01
7.359354215860366422e-01
7.343170505762099953e-01
7.357532215118408603e-01
7.331778532266617354e-01
7.369683516025543613e-01
7.370201253890991122e-01
7.310197681188583818e-01
7.347051733732223866e-01
7.274585175514221014e-01
7.346856772899628130e-01
7.345132249593734342e-01
7.287515527009964522e-01
7.325354641675949630e-01
7.361658906936645597e-01
7.347225630283356068e-01
7.359864842891693515e-01
7.316699022054672374e-01
7.354481673240661488e-01
7.337354350090027344e-01
7.349954551458358631e-01
7.314423483610152932e-01
7.297495853900909379e-01
7.320591032505034956e-01
7.321430593729019165e-01
7.338683956861495883e-01
7.305517119169234741e-01
7.350231105089187755e-01
7.292413610219955489e-01
7.358247572183609364e-01
7.298565226793288785e-01
7.272534388303756314e-01
7.278377288579940263e-01
7.335388571023940818e-01
7.301117062568664995e-01
7.295013290643691528e-01
7.271333837509155185e-01
7.307282799482345270e-01
7.257894712686538963e-01
7.235116100311279608e-01
7.259825813770294234e-01
7.293634921312331931e-01
7.273020225763321411e-01
7.324129873514175770e-01
7.296212255954742654e-01
7.290871882438659801e-01
7.295484322309494507e-01
7.285929775238036976e-01
7.267461812496185392e-01
7.316942089796065751e-01
7.252160501480102717e-01
7.289446496963500888e-01
7.252831685543060791e-01
7.269533634185790794e-01
7.309139382839202614e-01
7.246445947885513661e-01
7.275458067655563577e-01
7.259640198945999101e-01
7.318881464004516335e-01
7.289146876335144132e-01
7.275569462776183549e-01
7.327296632528305098e-01
7.263801956176757502e-01
7.289964979887009200e-01
7.280389612913131803e-01
7.250472944974899470e-01
7.278494584560394332e-01
7.279196739196777122e-01
7.276361298561095925e-01
7.242012226581573398e-01
7.251559066772460538e-01
7.287369900941849110e-01
7.275018024444580567e-01
7.268114745616912620e-01
7.240496486425399558e-01
7.322942179441451760e-01
7.248383229970931652e-01
7.246841675043106390e-01
7.272489315271377652e-01
7.249183976650237504e-01
7.254108369350433794e-01
7.267127406597136963e-01
7.249721568822861117e-01
7.204393208026885764e-01
7.284504425525665239e-01
7.228628176450729859e-01
7.267020070552825395e-01
7.265743708610534757e-01
7.198395836353301824e-01
7.269570916891098245e-01
7.233022063970565574e-01
7.243541330099105835e-01
7.213141214847564875e-01
7.224152207374572310e-01
7.212635093927383112e-01
7.202652180194855092e-01
7.225618892908096669e-01
7.243516623973846880e-01
7.238120448589324685e-01
7.258760368824005438e-01
7.190806800127029774e-01
7.248518133163451838e-01
7.257460409402847201e-01
7.244334357976913719e-01
7.211912083625793279e-01
7.245056813955307318e-01
7.267447859048843384e-01
7.219013357162475941e-01
7.252902388572692871e-01
7.249676328897476374e-01
7.273635762929916426e-01
7.259274041652679088e-01
7.250614380836486461e-01
7.196030282974242853e-01
7.237700676918029652e-01
7.273540616035460982e-01
7.201113975048065718e-01
7.270093393325806064e-01
7.259916353225708274e-01
7.208164530992507979e-01
7.271761214733123424e-01
7.269004875421524181e-01
7.258959835767746505e-01
7.207779079675674661e-01
7.215724146366119252e-01
7.226952886581421431e-01
7.234395086765289529e-01
7.182915049791336326e-01
7.222438430786133345e-01
7.207418376207351818e-01
7.176413261890410844e-01
7.246147143840789839e-01
7.259689486026763561e-01
7.216885095834731922e-01
7.262327945232391890e-01
7.261904591321944880e-01
7.230042034387588190e-01
7.239598900079726729e-01
7.181007349491119740e-01
7.196356326341628584e-01
7.232662844657897772e-01
7.196493989229202359e-01
7.215374624729156139e-01
7.217994391918182151e-01
7.235730153322219582e-01
7.208032393455505726e-01
7.241297483444213423e-01
7.213411784172057972e-01
7.227604717016220537e-01
7.201498621702193681e-01
7.206708967685699907e-01
7.228185719251633001e-01
7.198758357763290761e-01
7.216268897056579146e-01
7.220313435792923284e-01
7.177843731641769809e-01
7.209323483705520896e-01
7.240451020002365290e-01
7.181697595119476141e-01
7.210393810272216486e-01
