5.208000016212462890e-01
5.429599982500076250e-01
5.437599992752075728e-01
5.448800009489059848e-01
5.435200035572052002e-01
5.490800026059150518e-01
5.449200013279914545e-01
5.499200028181076005e-01
5.523200008273124739e-01
5.537200027704238803e-01
5.549200010299683017e-01
5.611200025677680614e-01
5.514800035953522084e-01
5.548399990797042713e-01
5.548400029540061507e-01
5.518000003695487932e-01
5.549599984288215992e-01
5.563200026750564353e-01
5.574000033736229431e-01
5.573600021004676552e-01
5.577999973297118608e-01
5.545999997854232921e-01
5.557200002670288352e-01
5.589200016856193942e-01
5.544400033354759394e-01
5.570000010728836104e-01
5.571200031042099488e-01
5.566800025105476113e-01
5.582800018787383856e-01
5.602799978852271989e-01
5.604400020837784213e-01
5.651600012183188859e-01
5.578400048613548767e-01
5.563199996948242632e-01
5.611600002646446317e-01
5.564800024032592329e-01
5.539200022816658242e-01
5.588799995183945102e-01
5.578000029921531544e-01
5.592400035262108382e-01
5.533600035309791387e-01
5.582800003886222440e-01
5.582800015807152239e-01
5.595200020074844183e-01
5.613600003719330100e-01
5.583600038290024159e-01
5.569200018048285905e-01
5.632400032877922236e-01
5.623600026965140941e-01
5.541600027680396723e-01
5.640399980545044434e-01
5.564000010490417480e-01
5.594800016283989486e-01
5.636400023102760004e-01
5.630000019073486683e-01
5.599200016260147406e-01
5.580800008773804111e-01
5.605200019478797646e-01
5.589199998974799799e-01
5.609999993443488542e-01
5.633599996566772683e-01
5.618000012636185092e-01
5.622800022363663164e-01
5.580000010132789567e-01
5.620800042152405140e-01
5.590400010347366111e-01
5.585200011730193648e-01
5.575200009346008567e-01
5.631200039386748957e-01
5.611999973654746565e-01
5.618399998545646756e-01
5.597600027918815391e-01
5.618000015616416709e-01
5.592400026321411310e-01
5.617999985814094988e-01
5.637599971890449035e-01
5.578000012040138511e-01
5.633600005507468644e-01
5.585999995470046775e-01
5.625600004196167347e-01
5.585600009560585111e-01
5.605600011348724765e-01
5.627600014209747092e-01
5.584000021219253096e-01
5.604399996995925726e-01
5.600800013542175382e-01
5.615200006961822421e-01
5.620400005578994884e-01
5.607600051164627342e-01
5.594799998402595342e-01
5.624800005555152804e-01
5.645199984312057051e-01
5.610400009155273038e-01
5.607200020551681430e-01
5.616400021314621460e-01
5.624799978733062700e-01
5.649200016260147450e-01
5.575600016117095992e-01
5.598400056362151656e-01
5.594400009512900951e-01
5.626399996876716436e-01
5.628800040483474820e-01
5.633600002527237027e-01
5.608000022172927590e-01
5.632399997115135060e-01
5.623200011253356445e-01
5.566799992322921664e-01
5.659600004553795305e-01
5.594800025224685447e-01
5.607200002670288397e-01
5.639600026607513028e-01
5.585200035572052135e-01
5.607200005650520014e-01
5.646799984574317754e-01
5.634000027179717485e-01
5.580400028824805680e-01
5.650800028443336842e-01
5.665600007772445545e-01
5.625200003385544267e-01
5.640000015497207420e-01
5.600400018692016646e-01
5.633199980854988187e-01
5.638400009274482372e-01
5.635200011730193692e-01
5.583200058341026839e-01
5.610000011324882685e-01
5.685200026631355152e-01
5.634000024199485868e-01
5.600000023841857910e-01
5.632000023126602084e-01
5.611600002646446317e-01
5.639600008726119995e-01
5.604400029778480175e-01
5.605200013518333302e-01
5.611999994516372325e-01
5.655599990487099049e-01
5.630000016093253956e-01
5.596000000834464583e-01
5.663200026750564442e-01
5.586799997091292935e-01
5.645600008964538619e-01
5.625200006365775884e-01
5.608800014853477789e-01
5.598799994587898565e-01
5.575200018286704529e-01
5.648799991607665882e-01
5.623600012063980635e-01
5.605200019478797646e-01
5.634000021219253140e-01
5.649600020051002147e-01
5.614400014281273332e-01
5.660800006985664545e-01
5.642400020360947011e-01
5.633199995756149603e-01
5.598800036311150086e-01
5.680400007963180009e-01
5.612000027298926774e-01
5.601200038194655839e-01
5.630000010132789612e-01
5.628800037503242093e-01
5.702400013804436174e-01
5.637600025534630355e-01
5.626400029659270885e-01
5.653199994564056530e-01
5.681200036406517384e-01
5.640400028228760299e-01
5.638800027966499595e-01
5.643199998140334683e-01
5.610000002384185613e-01
5.637200009822845859e-01
5.647200018167495283e-01
5.660000002384185658e-01
5.668400016427039834e-01
5.643600016832351907e-01
5.651200011372565779e-01
5.636400005221366971e-01
5.618000021576881053e-01
5.677600008249282793e-01
5.646399995684623363e-01
5.642000025510788275e-01
5.684399995207786160e-01
5.645199996232986850e-01
