9.815224112608493812e-01
8.873751398844597071e-01
8.209001852915837061e-01
7.674022812109727587e-01
7.378458249263274427e-01
7.202744346398574082e-01
6.842434666095635887e-01
6.752330798369187148e-01
6.501798454003456795e-01
6.367848185392526172e-01
6.288183050277905695e-01
6.090103371021075018e-01
6.052676387322254437e-01
5.967913624567863229e-01
5.883797335319029820e-01
5.782632606151776322e-01
5.779169181982676262e-01
5.655477360273019061e-01
5.552793281200604225e-01
5.488106686335343376e-01
5.494829420859996816e-01
5.323942208901429884e-01
5.324257123164641836e-01
5.260082092040624380e-01
5.201518980356363286e-01
5.206586637558081598e-01
5.072529374024806748e-01
5.059225568404563944e-01
5.046257567711365244e-01
4.952243869121257802e-01
4.917672021266741855e-01
4.884223455037826067e-01
4.824727831742702255e-01
4.862146700039888247e-01
4.820503756021842223e-01
4.777217187942602861e-01
4.780216898673619874e-01
4.790589920985393046e-01
4.763756262950408216e-01
4.781065250054383764e-01
4.740698400216225017e-01
4.691634360032204132e-01
4.729449097926800016e-01
4.736796962909209374e-01
4.716754829272245542e-01
4.786152307803814288e-01
4.746460361358447178e-01
4.724691152572632058e-01
4.756586508873181240e-01
4.717409384556305874e-01
4.737007737159729115e-01
4.712981757445213193e-01
4.726482226298405753e-01
4.720251797101436275e-01
4.696902009157034041e-01
4.752464522153903026e-01
4.760434778837057124e-01
4.743725720124367107e-01
4.703166923461816196e-01
4.749852123932960524e-01
4.735692329895802022e-01
4.675296228665571929e-01
4.752403707076341410e-01
4.733950009712806217e-01
4.738033632437387843e-01
4.787527014047671670e-01
4.705650095756237494e-01
4.722005637792440758e-01
4.731466259711827882e-01
4.725914864968031037e-01
4.727246561111548284e-01
4.726251070316020986e-01
4.716829390097886932e-01
4.755897647295242447e-01
4.727914081170008775e-01
4.749240320462446707e-01
4.758961827327043426e-01
4.697619244074210387e-01
4.699293529376005751e-01
4.774596423674852264e-01
4.711069640440818662e-01
4.767915684443253532e-01
4.749224130923931364e-01
4.761696485372690080e-01
4.728532118675036200e-01
4.667132438757480850e-01
4.751340808012546879e-01
4.740860896232800825e-01
4.709477290129050475e-01
4.752347440291673775e-01
4.743807144654103025e-01
4.752510064687484603e-01
4.720300429906600370e-01
4.724893013636271011e-01
4.740290650954613327e-01
4.760009866494399056e-01
4.740059996262575015e-01
4.709975905907459737e-01
4.682287153525230283e-01
4.749695544059460151e-01
4.665682659699366686e-01
4.752686057335291370e-01
4.776718569107544776e-01
4.718070293084168920e-01
4.753624781584128156e-01
4.763086627691219821e-01
4.746743032565483578e-01
4.657909439160273779e-01
4.723234732945760239e-01
4.746008292222634317e-01
4.717439503241808163e-01
4.771749993165333992e-01
4.719555043257199767e-01
4.777824314740987677e-01
4.680814952422410746e-01
4.767788264995966308e-01
4.733673257705492965e-01
