5.555689102564103088e-01
6.012019230769231060e-01
6.324919871794871806e-01
6.619791666666666741e-01
6.795272435897435903e-01
6.912259615384614975e-01
7.087339743589743390e-01
7.155849358974358809e-01
7.319711538461538547e-01
7.338541666666666963e-01
7.437099358974359475e-01
7.487179487179487225e-01
7.537259615384614975e-01
7.588942307692307931e-01
7.621794871794871362e-01
7.682291666666666297e-01
7.642227564102563875e-01
7.730368589743589203e-01
7.776442307692307265e-01
7.798878205128204621e-01
7.788461538461538547e-01
7.889423076923076650e-01
7.889423076923076650e-01
7.896233974358974894e-01
7.953926282051282382e-01
7.951923076923076428e-01
8.006410256410256832e-01
7.993589743589744057e-01
8.025240384615384137e-01
8.082131410256410131e-01
8.091346153846153966e-01
8.100961538461538547e-01
8.132612179487179738e-01
8.106971153846154188e-01
8.145032051282051766e-01
8.153846153846153744e-01
8.151442307692308153e-01
8.150240384615384803e-01
8.177083333333333703e-01
8.150641025641025550e-01
8.184695512820512331e-01
8.202724358974359253e-01
8.197516025641025106e-01
8.171073717948718063e-01
8.190304487179487225e-01
8.173477564102563653e-01
8.191105769230768718e-01
8.181490384615384137e-01
8.171474358974358809e-01
8.181490384615384137e-01
8.180689102564102644e-01
8.201522435897435903e-01
8.169871794871794712e-01
8.197516025641025106e-01
8.200320512820512553e-01
8.179487179487179294e-01
8.175080128205127750e-01
8.167467948717949122e-01
8.217948717948717618e-01
8.160657051282050878e-01
8.209134615384615641e-01
8.213541666666667185e-01
8.179487179487179294e-01
8.180288461538461897e-01
8.188701923076923128e-01
8.173878205128205510e-01
8.221153846153845812e-01
8.184294871794871584e-01
8.188301282051282382e-01
8.183092948717948234e-01
8.157451923076922684e-01
8.187499999999999778e-01
8.190304487179487225e-01
8.137820512820512775e-01
8.175881410256410353e-01
8.176682692307691847e-01
8.159855769230769384e-01
8.199118589743589203e-01
8.220753205128205066e-01
8.153044871794872250e-01
8.179086538461538547e-01
8.163862179487179072e-01
8.183894230769230838e-01
8.143429487179487669e-01
8.192307692307692069e-01
8.230769230769230393e-01
8.166666666666666519e-01
8.195512820512820262e-01
8.193910256410256165e-01
8.173477564102563653e-01
8.203125000000000000e-01
8.166266025641025772e-01
8.187499999999999778e-01
8.208733974358974894e-01
8.190705128205127972e-01
8.191907051282051322e-01
8.171073717948718063e-01
8.225560897435897356e-01
8.190705128205127972e-01
8.179887820512820040e-01
8.208333333333333037e-01
8.169471153846153966e-01
8.173076923076922906e-01
8.187099358974359031e-01
8.194711538461538769e-01
8.152644230769230393e-01
8.188301282051282382e-01
8.236778846153846034e-01
8.196714743589743613e-01
8.190304487179487225e-01
8.174679487179487003e-01
8.168669871794871362e-01
8.180689102564102644e-01
8.175480769230769607e-01
8.222355769230769162e-01
8.162660256410256832e-01
8.176682692307691847e-01
