5.140000060200691223e-01
5.417999997735023499e-01
5.634000033140182939e-01
5.715999931097031084e-01
5.941999971866607222e-01
5.909999966621398704e-01
6.007999986410140769e-01
5.965999990701675859e-01
6.212000012397765891e-01
6.156000047922134399e-01
6.114000022411346658e-01
6.184000045061111006e-01
6.157999962568283525e-01
6.251999974250793679e-01
6.138000041246414185e-01
6.424000024795532005e-01
6.400000035762787309e-01
6.304000049829483476e-01
6.430000066757202148e-01
6.472000032663345337e-01
6.470000118017196211e-01
6.459999978542327881e-01
6.535999983549117820e-01
6.547999978065490723e-01
6.584000021219253984e-01
6.594000011682510376e-01
6.591999948024749312e-01
6.675999969244003074e-01
6.553999990224838035e-01
6.517999947071075884e-01
6.646000027656555620e-01
6.706000059843063577e-01
6.702000081539154497e-01
6.790000021457671675e-01
6.780000001192092451e-01
6.600000023841857688e-01
6.798000007867812666e-01
6.755999982357024924e-01
6.820000052452087624e-01
6.674000054597855058e-01
6.783999949693679810e-01
6.805999994277953657e-01
6.837999999523163286e-01
6.708000004291534424e-01
6.833999961614608543e-01
6.836000055074691328e-01
6.759999930858612283e-01
6.756000012159347756e-01
6.829999983310699463e-01
6.864000022411346214e-01
6.953999966382979903e-01
6.878000020980834517e-01
6.852000057697296143e-01
6.837999999523163286e-01
6.868000000715255293e-01
