8.329024881124496016e-01
7.652362674474716409e-01
7.427086859941482988e-01
7.192324876785278764e-01
7.044420033693313821e-01
6.981426209211349931e-01
6.867196619510650413e-01
6.847858905792236772e-01
6.679954648017882857e-01
6.645167380571365134e-01
6.760096907615661399e-01
6.678110271692275779e-01
6.636403501033782959e-01
6.558432608842850176e-01
6.669790685176849587e-01
6.441256254911422729e-01
6.516182869672775269e-01
6.537027835845947710e-01
6.416948378086090310e-01
6.343583762645721436e-01
6.399284511804580466e-01
6.406002402305602805e-01
6.332042962312698364e-01
6.343360334634781106e-01
6.282847911119461282e-01
6.250026822090148926e-01
6.230075865983962791e-01
6.244864791631699052e-01
6.249773234128952470e-01
6.289834827184677124e-01
6.196361929178237915e-01
6.093410432338715044e-01
6.155872941017150879e-01
6.054868519306182417e-01
6.070456266403198020e-01
6.176768183708191140e-01
6.055087685585022195e-01
6.097646147012710793e-01
6.014970093965530396e-01
6.109697759151458962e-01
6.079172641038894653e-01
6.072750478982925637e-01
5.955962121486664262e-01
6.053516507148742898e-01
5.971685945987701416e-01
6.032398849725723045e-01
6.012945204973221269e-01
6.039647042751312700e-01
6.043753802776337114e-01
5.964038312435150369e-01
5.950408548116683516e-01
5.985787838697433916e-01
5.961020678281784280e-01
6.029298305511474609e-01
5.952744275331497414e-01
