5.671874999999999556e-01
6.637419871794871806e-01
7.125400641025640969e-01
7.385416666666666519e-01
7.585737179487179738e-01
7.673076923076923572e-01
7.747596153846153522e-01
7.841346153846153744e-01
7.881810897435896912e-01
7.970352564102564097e-01
7.995192307692308153e-01
8.066907051282051766e-01
8.140625000000000222e-01
8.152243589743589647e-01
8.210737179487179738e-01
8.276442307692307709e-01
8.320512820512820928e-01
8.364983974358974894e-01
8.416266025641025994e-01
8.439503205128204844e-01
8.486778846153846256e-01
8.570913461538461897e-01
8.552083333333333481e-01
8.509615384615384359e-01
8.606570512820512775e-01
8.566907051282051100e-01
8.596955128205128194e-01
8.587740384615384359e-01
8.621794871794872250e-01
8.576522435897435681e-01
8.618990384615384803e-01
