8.712863491131709326e-01
7.253260401579050276e-01
6.607955211248153216e-01
6.194959804033621786e-01
5.897390252504592922e-01
5.809916461125398390e-01
5.566336587453499796e-01
5.464422782262166045e-01
5.385305108168185750e-01
5.244551349908878057e-01
5.140059720247219799e-01
5.030530275442661736e-01
4.900353703743371980e-01
4.849114144459749087e-01
4.722096404968164074e-01
4.598102020911681298e-01
4.547687547329144486e-01
4.448495510296943678e-01
4.357613439743335260e-01
4.291488953125782713e-01
4.197066805301568615e-01
4.088350182924515019e-01
4.068142375884911677e-01
4.125112813252669319e-01
4.005460283695123080e-01
4.015155515609643566e-01
4.006315141152113068e-01
4.025109395002707258e-01
3.981017225827926387e-01
3.990919962907448770e-01
3.957671480301098721e-01
