8.779379114126547590e-01
7.484212212073497739e-01
6.900790627186115245e-01
6.468218892048567259e-01
6.106836020946502241e-01
5.882164267393258372e-01
5.680618223471519679e-01
5.550144739640064939e-01
5.393493513266245376e-01
5.290166264925247885e-01
5.162263802992992368e-01
5.046576175934228692e-01
4.898499736419090755e-01
4.893308339974818955e-01
4.744848882540678159e-01
4.678024747432806829e-01
4.608965615431467877e-01
4.506370423695980065e-01
4.448863361126337290e-01
4.355879315963158138e-01
4.259060207085731964e-01
4.166586634440299641e-01
4.064260337597284667e-01
4.102610140274732808e-01
4.027802374118413797e-01
4.017010650573632491e-01
3.993317497082245482e-01
3.915186655827057605e-01
3.941439170103806511e-01
3.982144496379754206e-01
3.912811662906255372e-01
3.928684129164768946e-01
3.911882026073260077e-01
3.909145254355210763e-01
3.841901328319158315e-01
3.968393900455572942e-01
3.880231131345797668e-01
3.928487860239469054e-01
3.871601468477493535e-01
3.909370180888053770e-01
3.898801487225752593e-01
3.909899429633067469e-01
3.825922851379101042e-01
3.887298577871078353e-01
3.889451998930710808e-01
3.854093476747855185e-01
3.885189487383916007e-01
3.892244812769767304e-01
3.917095839977264293e-01
3.905982743471096974e-01
3.902854927075214975e-01
3.893700491159390320e-01
3.874159094614860188e-01
