5.443910256410255943e-01
6.272836538461538103e-01
6.692307692307691847e-01
7.050080128205128416e-01
7.290865384615384803e-01
7.420272435897435903e-01
7.604967948717948900e-01
7.658253205128204844e-01
7.759615384615384803e-01
7.832932692307692513e-01
7.883814102564102866e-01
7.973557692307692291e-01
8.049278846153846700e-01
8.048076923076923350e-01
8.137820512820512775e-01
8.175881410256410353e-01
8.201121794871795156e-01
8.264022435897435681e-01
8.271634615384615419e-01
8.340945512820512331e-01
8.389022435897436347e-01
8.443108974358974894e-01
8.511618589743589203e-01
8.451522435897436125e-01
8.522035256410256387e-01
8.518830128205128194e-01
8.532852564102564319e-01
8.577724358974359031e-01
8.569711538461538547e-01
8.536858974358974006e-01
8.570512820512820040e-01
8.571314102564102644e-01
8.588942307692307709e-01
8.604967948717948678e-01
8.627804487179486781e-01
8.569711538461538547e-01
8.609375000000000222e-01
8.562900641025641413e-01
8.606169871794872028e-01
8.612980769230769162e-01
8.594150641025640747e-01
8.577323717948718285e-01
8.636217948717949122e-01
8.591346153846153300e-01
8.601762820512820484e-01
8.631009615384614975e-01
8.599358974358974894e-01
8.580528846153846478e-01
8.595352564102564097e-01
8.588942307692307709e-01
8.590945512820512553e-01
8.597756410256410797e-01
8.607772435897436125e-01
