7.018645966709347039e-01
7.031049935979513110e-01
7.042653649167733843e-01
7.055857874519846362e-01
7.064260563380281299e-01
7.067461587708067094e-01
7.094270166453264803e-01
7.097871318822023268e-01
7.143485915492957528e-01
7.154689500640204480e-01
7.170294494238156346e-01
7.204705505761843654e-01
7.230313700384123354e-01
7.245918693982074110e-01
7.280729833546735197e-01
7.309539052496798472e-01
7.326344430217669457e-01
7.360355313700384094e-01
7.401968629961587220e-01
7.427976952624839591e-01
7.437179897567220976e-01
7.454385403329065740e-01
7.528008962868117937e-01
7.526008322663252370e-01
7.584427016645326480e-01
7.567621638924455496e-01
7.637243918053777669e-01
7.646846991037131724e-01
7.696062740076824449e-01
7.724871959026888835e-01
7.784891165172855843e-01
7.764484635083226394e-01
7.803697183098591283e-01
7.810099231754161764e-01
7.806498079385403299e-01
7.843309859154929953e-01
7.855713828425096024e-01
7.925736235595390866e-01
7.900528169014084945e-01
7.951344430217669457e-01
7.952144686299615906e-01
7.979353393085787394e-01
7.993758002560819032e-01
7.990156850192061677e-01
8.020966709346990520e-01
8.032570422535211252e-01
8.060979513444301858e-01
8.077384763124200173e-01
8.071782970550576142e-01
8.067781690140845008e-01
8.032570422535211252e-01
8.104993597951344331e-01
8.101792573623559646e-01
8.121798975672215315e-01
8.106994238156209898e-01
8.138604353393086299e-01
8.141805377720870984e-01
8.140204865556978087e-01
8.171414852752880709e-01
8.206225992317541795e-01
8.205825864276568016e-01
8.173815620998720055e-01
8.230633802816901268e-01
