2.839316718099059167e-01
2.472583589724786091e-01
2.432571021451229720e-01
2.387851797492647477e-01
2.375423757218673437e-01
2.368647563968822034e-01
2.354809327883390646e-01
2.338955291331043240e-01
2.333856428783773196e-01
2.301502734918753068e-01
2.288157553930746657e-01
2.283077894611028891e-01
2.256639377045875638e-01
2.246011927361372396e-01
2.245784605663656008e-01
2.219747809189993037e-01
2.226905175764948286e-01
2.203508197364520138e-01
2.183176214197380949e-01
2.173054245003664953e-01
2.163661353566735113e-01
2.164603748028470775e-01
2.126235818912521891e-01
2.135519871104236689e-01
2.141035515600374084e-01
2.100073443427586395e-01
2.081492278777377636e-01
2.088371695385394522e-01
2.061949223756942839e-01
2.046992219555240633e-01
2.019496489120659322e-01
2.028337238635510020e-01
2.009241225128747810e-01
1.988702680672329304e-01
1.983495520072465768e-01
1.970137764297893168e-01
1.974017939479036643e-01
1.938351061142666310e-01
1.961692045615668900e-01
1.941960820696875811e-01
1.926402592037001760e-01
1.903570970083931502e-01
1.896604351060185989e-01
1.916330529331550514e-01
1.898629005888665400e-01
1.881341575793969711e-01
1.900015475559936884e-01
1.886921494569576974e-01
1.864295226740012856e-01
1.908446872432772168e-01
1.927879367896597751e-01
1.868700706489412888e-01
1.846097297441791352e-01
1.879596191430977226e-01
1.877994626932198985e-01
1.856377533852825168e-01
1.866208180766099622e-01
1.865936776339320868e-01
1.836193120357474395e-01
1.805541976122483627e-01
1.835320374705421975e-01
1.823965785178271182e-01
1.823332065694921178e-01
