6.507211538461538103e-01
6.910256410256410131e-01
6.669871794871794490e-01
7.038862179487179738e-01
7.092948717948718285e-01
7.060096153846153744e-01
7.134615384615384803e-01
6.146233974358974450e-01
6.574118589743589425e-01
6.476762820512820262e-01
6.804887820512820484e-01
6.811698717948717618e-01
6.655448717948717618e-01
6.654246794871795379e-01
6.633814102564102866e-01
6.661458333333333259e-01
6.837339743589743168e-01
6.939503205128204621e-01
6.405448717948717396e-01
6.122195512820512997e-01
6.596955128205128638e-01
7.007211538461538547e-01
7.013221153846154188e-01
6.967147435897436125e-01
6.933894230769230838e-01
6.929887820512820040e-01
7.092548076923076428e-01
7.031250000000000000e-01
6.074919871794871584e-01
6.520032051282050878e-01
7.194310897435897134e-01
7.222756410256410131e-01
6.676682692307692735e-01
6.885016025641025328e-01
7.028044871794871806e-01
7.120592948717948678e-01
7.209134615384615863e-01
7.147435897435897578e-01
7.307692307692307265e-01
7.265625000000000000e-01
7.427083333333333037e-01
7.233974358974358809e-01
7.410657051282051322e-01
6.956330128205128194e-01
7.417067307692307709e-01
7.530448717948717841e-01
7.377003205128205288e-01
7.382612179487179072e-01
7.593750000000000222e-01
7.684294871794872250e-01
7.719951923076923128e-01
7.809294871794871806e-01
7.560096153846154188e-01
7.754407051282051766e-01
7.348557692307692291e-01
7.558493589743590091e-01
7.776442307692307265e-01
7.781249999999999556e-01
7.826522435897436125e-01
7.847756410256410131e-01
7.897435897435897134e-01
7.863381410256410353e-01
7.850160256410256832e-01
7.877003205128204621e-01
7.866586538461538547e-01
7.889423076923076650e-01
7.909455128205128416e-01
7.951522435897435681e-01
7.782051282051282159e-01
7.813701923076923350e-01
7.824919871794872028e-01
7.815705128205128194e-01
7.840945512820512997e-01
7.838141025641025550e-01
7.858173076923077316e-01
7.810496794871795156e-01
7.872596153846154188e-01
7.870592948717948234e-01
7.852163461538461675e-01
7.893429487179487447e-01
7.844951923076922684e-01
7.861778846153846256e-01
7.810096153846153300e-01
7.876201923076923128e-01
7.831730769230769162e-01
7.862179487179487003e-01
7.851762820512820928e-01
7.858573717948718063e-01
7.842147435897436347e-01
7.836538461538461453e-01
7.851362179487179072e-01
7.830929487179487669e-01
7.858974358974358809e-01
7.874599358974359031e-01
7.863782051282051100e-01
7.837740384615384803e-01
7.870993589743590091e-01
7.871794871794871584e-01
7.862980769230769607e-01
7.849358974358974228e-01
7.885416666666666963e-01
7.876201923076923128e-01
7.825721153846153522e-01
7.840144230769230393e-01
7.840544871794872250e-01
7.849358974358974228e-01
7.879006410256410575e-01
7.875400641025640525e-01
7.869391025641025994e-01
7.873798076923076428e-01
7.866987179487179294e-01
7.843349358974358587e-01
7.851762820512820928e-01
7.854166666666666519e-01
7.856169871794871362e-01
7.847756410256410131e-01
7.858974358974358809e-01
7.836538461538461453e-01
7.834134615384615863e-01
7.841746794871794490e-01
7.818910256410256387e-01
7.816105769230768940e-01
7.841346153846153744e-01
7.859775641025641413e-01
7.865785256410255943e-01
7.812099358974359253e-01
7.856570512820513219e-01
7.855368589743589869e-01
7.873397435897435681e-01
7.848557692307692735e-01
7.877003205128204621e-01
7.842548076923077094e-01
7.862179487179487003e-01
7.848157051282050878e-01
7.830528846153845812e-01
7.854166666666666519e-01
7.850961538461538325e-01
7.849358974358974228e-01
7.842548076923077094e-01
7.844551282051281937e-01
7.851362179487179072e-01
7.861378205128205510e-01
7.873397435897435681e-01
7.877403846153846478e-01
7.849358974358974228e-01
7.796073717948718285e-01
7.824919871794872028e-01
7.872996794871794934e-01
7.864583333333333703e-01
7.862179487179487003e-01
7.797676282051282382e-01
7.870993589743590091e-01
7.859775641025641413e-01
7.830528846153845812e-01
7.844951923076922684e-01
7.840144230769230393e-01
7.866586538461538547e-01
7.852163461538461675e-01
7.832932692307692513e-01
7.903846153846153522e-01
7.844150641025641191e-01
7.875801282051282382e-01
7.829326923076923572e-01
7.855769230769230616e-01
7.835737179487179960e-01
7.817708333333333037e-01
7.821314102564103088e-01
7.836939102564102200e-01
7.814503205128204844e-01
7.852564102564102422e-01
7.888221153846153300e-01
7.825721153846153522e-01
7.872596153846154188e-01
7.835336538461538103e-01
7.855769230769230616e-01
7.825721153846153522e-01
7.848157051282050878e-01
7.867387820512820040e-01
7.854567307692307265e-01
7.869391025641025994e-01
7.886217948717948456e-01
7.895032051282051544e-01
7.820512820512820484e-01
7.852964743589743168e-01
7.857772435897435459e-01
7.859374999999999556e-01
7.867387820512820040e-01
7.863782051282051100e-01
7.863381410256410353e-01
7.844951923076922684e-01
7.825721153846153522e-01
7.860977564102563653e-01
7.838141025641025550e-01
7.868189102564102644e-01
7.847355769230769384e-01
7.836137820512820706e-01
7.871394230769230838e-01
7.839743589743589647e-01
7.846955128205128638e-01
7.870592948717948234e-01
7.844150641025641191e-01
7.842147435897436347e-01
7.855769230769230616e-01
7.879006410256410575e-01
7.874198717948718285e-01
7.822916666666667185e-01
7.851762820512820928e-01
7.852964743589743168e-01
7.841746794871794490e-01
7.876602564102563875e-01
7.838541666666666297e-01
7.841746794871794490e-01
7.869791666666666741e-01
7.854967948717949122e-01
7.856169871794871362e-01
7.834935897435897356e-01
7.841746794871794490e-01
7.836137820512820706e-01
7.895833333333333037e-01
7.832532051282051766e-01
7.815705128205128194e-01
7.862179487179487003e-01
7.834535256410256610e-01
7.839743589743589647e-01
7.841346153846153744e-01
7.846153846153846034e-01
7.809695512820512553e-01
7.882612179487179516e-01
7.834134615384615863e-01
7.842548076923077094e-01
7.853766025641025772e-01
7.854166666666666519e-01
7.855368589743589869e-01
7.819310897435897134e-01
7.850961538461538325e-01
7.852964743589743168e-01
7.868589743589743390e-01
7.833733974358974006e-01
7.852964743589743168e-01
7.848557692307692735e-01
7.858573717948718063e-01
7.835737179487179960e-01
7.825721153846153522e-01
7.838942307692308153e-01
7.864182692307691847e-01
7.849759615384614975e-01
7.854967948717949122e-01
7.839743589743589647e-01
7.857371794871794712e-01
7.854166666666666519e-01
7.871794871794871584e-01
7.858573717948718063e-01
7.846153846153846034e-01
7.870592948717948234e-01
7.836137820512820706e-01
7.840945512820512997e-01
7.853365384615385025e-01
7.885416666666666963e-01
7.869791666666666741e-01
7.869791666666666741e-01
7.842548076923077094e-01
7.857371794871794712e-01
7.834935897435897356e-01
7.849759615384614975e-01
7.868589743589743390e-01
7.838541666666666297e-01
7.883413461538461009e-01
7.872195512820512331e-01
7.868990384615384137e-01
7.865785256410255943e-01
7.830929487179487669e-01
7.840544871794872250e-01
7.838942307692308153e-01
7.833733974358974006e-01
7.848157051282050878e-01
7.840544871794872250e-01
7.850560897435897578e-01
7.854567307692307265e-01
7.836137820512820706e-01
7.862580128205127750e-01
7.850961538461538325e-01
7.858573717948718063e-01
7.852163461538461675e-01
7.848958333333333481e-01
7.823717948717948678e-01
7.882612179487179516e-01
7.806089743589743613e-01
7.849759615384614975e-01
7.867387820512820040e-01
7.822916666666667185e-01
7.860576923076922906e-01
7.845753205128205288e-01
7.853766025641025772e-01
7.823717948717948678e-01
7.837740384615384803e-01
7.899439102564103088e-01
7.854567307692307265e-01
7.863782051282051100e-01
7.828525641025640969e-01
7.841746794871794490e-01
7.829727564102564319e-01
7.868990384615384137e-01
7.821314102564103088e-01
7.831330128205128416e-01
7.862179487179487003e-01
7.827724358974359475e-01
7.826522435897436125e-01
7.838541666666666297e-01
7.869391025641025994e-01
7.833733974358974006e-01
7.847355769230769384e-01
7.868189102564102644e-01
7.872195512820512331e-01
7.828926282051281715e-01
7.866586538461538547e-01
7.865384615384615197e-01
7.870192307692307487e-01
7.833733974358974006e-01
7.852163461538461675e-01
7.872195512820512331e-01
7.830128205128205066e-01
7.832131410256409909e-01
7.870993589743590091e-01
7.835737179487179960e-01
7.819711538461538991e-01
7.818910256410256387e-01
7.822516025641025328e-01
7.821314102564103088e-01
7.843349358974358587e-01
7.862980769230769607e-01
7.808894230769231060e-01
7.854166666666666519e-01
7.862580128205127750e-01
7.854967948717949122e-01
7.877003205128204621e-01
7.833333333333333259e-01
7.867788461538461897e-01
7.870993589743590091e-01
7.866586538461538547e-01
7.844551282051281937e-01
7.832532051282051766e-01
7.873397435897435681e-01
7.842147435897436347e-01
7.871794871794871584e-01
7.866987179487179294e-01
7.863381410256410353e-01
7.824519230769231282e-01
7.830528846153845812e-01
7.852964743589743168e-01
7.856570512820513219e-01
7.848157051282050878e-01
7.865384615384615197e-01
7.808092948717948456e-01
7.842548076923077094e-01
7.819711538461538991e-01
7.852964743589743168e-01
7.856169871794871362e-01
7.828125000000000222e-01
7.853766025641025772e-01
7.857772435897435459e-01
7.848557692307692735e-01
7.864583333333333703e-01
7.897435897435897134e-01
7.820913461538461231e-01
7.849759615384614975e-01
7.851762820512820928e-01
7.864182692307691847e-01
7.883012820512820262e-01
7.866185897435897800e-01
7.836137820512820706e-01
7.851362179487179072e-01
7.843750000000000444e-01
7.842548076923077094e-01
7.838942307692308153e-01
7.851762820512820928e-01
7.817307692307692291e-01
7.838942307692308153e-01
7.843349358974358587e-01
7.817708333333333037e-01
7.833333333333333259e-01
7.869791666666666741e-01
7.800881410256410575e-01
7.856570512820513219e-01
7.819310897435897134e-01
7.810496794871795156e-01
7.870993589743590091e-01
7.849759615384614975e-01
7.848958333333333481e-01
7.865384615384615197e-01
7.830528846153845812e-01
7.856971153846153966e-01
7.841346153846153744e-01
7.816506410256410797e-01
7.869391025641025994e-01
7.830528846153845812e-01
7.823317307692307931e-01
7.885416666666666963e-01
7.869391025641025994e-01
7.861378205128205510e-01
7.852564102564102422e-01
7.841346153846153744e-01
7.874999999999999778e-01
7.837339743589744057e-01
7.887419871794871806e-01
7.840544871794872250e-01
7.831730769230769162e-01
7.837339743589744057e-01
7.855769230769230616e-01
7.822516025641025328e-01
7.867387820512820040e-01
7.836538461538461453e-01
7.829326923076923572e-01
7.857371794871794712e-01
7.844150641025641191e-01
7.824118589743589425e-01
7.867788461538461897e-01
7.830929487179487669e-01
7.871394230769230838e-01
7.858573717948718063e-01
7.831330128205128416e-01
7.853365384615385025e-01
7.837339743589744057e-01
7.865785256410255943e-01
7.868990384615384137e-01
7.826121794871795379e-01
7.816506410256410797e-01
7.867788461538461897e-01
7.852564102564102422e-01
7.878205128205127972e-01
7.852163461538461675e-01
7.837740384615384803e-01
7.858974358974358809e-01
7.836538461538461453e-01
7.859775641025641413e-01
7.900641025641025328e-01
7.839743589743589647e-01
7.868990384615384137e-01
7.866987179487179294e-01
7.842948717948717841e-01
7.870592948717948234e-01
7.818108974358974894e-01
7.877403846153846478e-01
7.876602564102563875e-01
7.832932692307692513e-01
7.858573717948718063e-01
7.850961538461538325e-01
7.843750000000000444e-01
7.850961538461538325e-01
7.851762820512820928e-01
7.822916666666667185e-01
7.833333333333333259e-01
7.830528846153845812e-01
7.885817307692307709e-01
7.831330128205128416e-01
7.851362179487179072e-01
7.825721153846153522e-01
7.837740384615384803e-01
7.901041666666667185e-01
7.852163461538461675e-01
7.866586538461538547e-01
7.822916666666667185e-01
7.840544871794872250e-01
7.818910256410256387e-01
7.876602564102563875e-01
7.854166666666666519e-01
7.872195512820512331e-01
7.842147435897436347e-01
7.862179487179487003e-01
7.891826923076923350e-01
7.899038461538461231e-01
7.854166666666666519e-01
7.872195512820512331e-01
7.829326923076923572e-01
7.850961538461538325e-01
7.842548076923077094e-01
7.842147435897436347e-01
7.858974358974358809e-01
7.854567307692307265e-01
7.838942307692308153e-01
7.857371794871794712e-01
7.856169871794871362e-01
7.846554487179486781e-01
7.871394230769230838e-01
7.819310897435897134e-01
7.865384615384615197e-01
7.801682692307692069e-01
7.848157051282050878e-01
7.842548076923077094e-01
7.838141025641025550e-01
7.851762820512820928e-01
7.848557692307692735e-01
7.854967948717949122e-01
7.864983974358974450e-01
7.834134615384615863e-01
7.828125000000000222e-01
7.846554487179486781e-01
7.828926282051281715e-01
7.901842948717948678e-01
7.846153846153846034e-01
7.830929487179487669e-01
7.876201923076923128e-01
7.841746794871794490e-01
7.863782051282051100e-01
7.870592948717948234e-01
7.878205128205127972e-01
7.871394230769230838e-01
7.849358974358974228e-01
7.872996794871794934e-01
7.871394230769230838e-01
7.805689102564102866e-01
7.878605769230768718e-01
7.851362179487179072e-01
7.873397435897435681e-01
7.867788461538461897e-01
7.861778846153846256e-01
7.844951923076922684e-01
7.845352564102564541e-01
7.850160256410256832e-01
7.899439102564103088e-01
7.861378205128205510e-01
7.874599358974359031e-01
7.869791666666666741e-01
7.876602564102563875e-01
7.828525641025640969e-01
7.888621794871795156e-01
7.861378205128205510e-01
7.865384615384615197e-01
7.820512820512820484e-01
7.897435897435897134e-01
7.830929487179487669e-01
7.868990384615384137e-01
7.837740384615384803e-01
7.878205128205127972e-01
7.850160256410256832e-01
7.813701923076923350e-01
7.852163461538461675e-01
7.860576923076922906e-01
7.870993589743590091e-01
7.860176282051282159e-01
7.876201923076923128e-01
7.819711538461538991e-01
7.828926282051281715e-01
7.882211538461538769e-01
7.849358974358974228e-01
7.846955128205128638e-01
7.887419871794871806e-01
7.840945512820512997e-01
7.838141025641025550e-01
7.822115384615384581e-01
7.853365384615385025e-01
7.847355769230769384e-01
7.823317307692307931e-01
7.838541666666666297e-01
7.908253205128205066e-01
7.846554487179486781e-01
7.843750000000000444e-01
7.848157051282050878e-01
7.872596153846154188e-01
7.850961538461538325e-01
7.816506410256410797e-01
7.838141025641025550e-01
7.883413461538461009e-01
7.843349358974358587e-01
7.838541666666666297e-01
7.823717948717948678e-01
7.828125000000000222e-01
7.858573717948718063e-01
7.887820512820512553e-01
7.858573717948718063e-01
7.856971153846153966e-01
7.865384615384615197e-01
7.850160256410256832e-01
7.839342948717948900e-01
7.858573717948718063e-01
7.879807692307692069e-01
7.864182692307691847e-01
7.855769230769230616e-01
7.862980769230769607e-01
7.872195512820512331e-01
7.862179487179487003e-01
7.814102564102564097e-01
7.820512820512820484e-01
7.864583333333333703e-01
7.819711538461538991e-01
7.854967948717949122e-01
7.825320512820512775e-01
7.872996794871794934e-01
7.857371794871794712e-01
7.838141025641025550e-01
7.868189102564102644e-01
7.814503205128204844e-01
7.845753205128205288e-01
7.864182692307691847e-01
7.881410256410256165e-01
7.862179487179487003e-01
7.826121794871795379e-01
7.851362179487179072e-01
7.885817307692307709e-01
7.838942307692308153e-01
7.855368589743589869e-01
7.827323717948717618e-01
7.825320512820512775e-01
7.842147435897436347e-01
7.891025641025640747e-01
7.845753205128205288e-01
7.822115384615384581e-01
7.815304487179487447e-01
7.838141025641025550e-01
7.861778846153846256e-01
7.838141025641025550e-01
7.827724358974359475e-01
7.844150641025641191e-01
7.861778846153846256e-01
7.834935897435897356e-01
7.819711538461538991e-01
7.862179487179487003e-01
7.850560897435897578e-01
7.849759615384614975e-01
7.816506410256410797e-01
7.847355769230769384e-01
7.838942307692308153e-01
7.880608974358974672e-01
7.848157051282050878e-01
7.862179487179487003e-01
7.846554487179486781e-01
7.846554487179486781e-01
7.862980769230769607e-01
7.833733974358974006e-01
7.887820512820512553e-01
7.874198717948718285e-01
7.832532051282051766e-01
7.884214743589743613e-01
7.853766025641025772e-01
7.871794871794871584e-01
7.816907051282051544e-01
7.834535256410256610e-01
7.820512820512820484e-01
7.899439102564103088e-01
7.894631410256410797e-01
7.867788461538461897e-01
7.847756410256410131e-01
7.861378205128205510e-01
7.844551282051281937e-01
7.864182692307691847e-01
7.863782051282051100e-01
7.883814102564102866e-01
7.861778846153846256e-01
7.829727564102564319e-01
7.820112179487179738e-01
7.817708333333333037e-01
7.828525641025640969e-01
7.830128205128205066e-01
7.866586538461538547e-01
7.825721153846153522e-01
7.883814102564102866e-01
7.843349358974358587e-01
7.827724358974359475e-01
7.840144230769230393e-01
7.836939102564102200e-01
7.860176282051282159e-01
7.831730769230769162e-01
7.852564102564102422e-01
7.842548076923077094e-01
7.834134615384615863e-01
7.850560897435897578e-01
7.867387820512820040e-01
7.864983974358974450e-01
7.858173076923077316e-01
7.865785256410255943e-01
7.864182692307691847e-01
7.887419871794871806e-01
7.831730769230769162e-01
7.890625000000000000e-01
7.818108974358974894e-01
7.875801282051282382e-01
7.864583333333333703e-01
7.852964743589743168e-01
7.872596153846154188e-01
7.827724358974359475e-01
7.859775641025641413e-01
7.848157051282050878e-01
7.873798076923076428e-01
7.889022435897435903e-01
7.862980769230769607e-01
7.838541666666666297e-01
7.870192307692307487e-01
7.824919871794872028e-01
7.856169871794871362e-01
7.848157051282050878e-01
7.842147435897436347e-01
7.861778846153846256e-01
7.852964743589743168e-01
7.831730769230769162e-01
7.867788461538461897e-01
7.837740384615384803e-01
7.853365384615385025e-01
7.849358974358974228e-01
7.829727564102564319e-01
7.869791666666666741e-01
7.844951923076922684e-01
7.866586538461538547e-01
7.831730769230769162e-01
7.797676282051282382e-01
7.863381410256410353e-01
7.858573717948718063e-01
7.842147435897436347e-01
7.835336538461538103e-01
7.836538461538461453e-01
7.842948717948717841e-01
7.851362179487179072e-01
7.844551282051281937e-01
7.833733974358974006e-01
7.823317307692307931e-01
7.868990384615384137e-01
7.815705128205128194e-01
7.886618589743589203e-01
7.847756410256410131e-01
7.866185897435897800e-01
7.857772435897435459e-01
7.834935897435897356e-01
7.848557692307692735e-01
7.859374999999999556e-01
7.851362179487179072e-01
7.823717948717948678e-01
7.852564102564102422e-01
7.815304487179487447e-01
7.853766025641025772e-01
7.846153846153846034e-01
7.853365384615385025e-01
7.827724358974359475e-01
7.836538461538461453e-01
7.856971153846153966e-01
7.862980769230769607e-01
7.823317307692307931e-01
7.867387820512820040e-01
7.810897435897435903e-01
7.849358974358974228e-01
7.834935897435897356e-01
7.874198717948718285e-01
7.841346153846153744e-01
7.866185897435897800e-01
7.852964743589743168e-01
7.876201923076923128e-01
7.830929487179487669e-01
7.862179487179487003e-01
7.846153846153846034e-01
7.909855769230769162e-01
7.844951923076922684e-01
7.863782051282051100e-01
7.883012820512820262e-01
7.842548076923077094e-01
7.836137820512820706e-01
7.862580128205127750e-01
7.824519230769231282e-01
7.831330128205128416e-01
7.817708333333333037e-01
7.839342948717948900e-01
7.862980769230769607e-01
7.797275641025640525e-01
7.843349358974358587e-01
7.913060897435897356e-01
7.851362179487179072e-01
7.828926282051281715e-01
7.835336538461538103e-01
7.823717948717948678e-01
7.864983974358974450e-01
7.825721153846153522e-01
7.891025641025640747e-01
7.890625000000000000e-01
7.826522435897436125e-01
7.855769230769230616e-01
7.871794871794871584e-01
7.834935897435897356e-01
7.863782051282051100e-01
7.881009615384615419e-01
7.840544871794872250e-01
7.860176282051282159e-01
7.848958333333333481e-01
7.834535256410256610e-01
7.832532051282051766e-01
7.830128205128205066e-01
7.877804487179487225e-01
7.829326923076923572e-01
7.845753205128205288e-01
7.839743589743589647e-01
7.865384615384615197e-01
7.835737179487179960e-01
7.846554487179486781e-01
7.850560897435897578e-01
7.872195512820512331e-01
7.834134615384615863e-01
7.858974358974358809e-01
7.839743589743589647e-01
7.840144230769230393e-01
7.856971153846153966e-01
7.820913461538461231e-01
7.843349358974358587e-01
7.864182692307691847e-01
7.831330128205128416e-01
7.861778846153846256e-01
7.878605769230768718e-01
7.848958333333333481e-01
7.841746794871794490e-01
7.838942307692308153e-01
7.862580128205127750e-01
7.837740384615384803e-01
7.876201923076923128e-01
7.820512820512820484e-01
7.830128205128205066e-01
7.842548076923077094e-01
7.875801282051282382e-01
7.826923076923076872e-01
7.815304487179487447e-01
7.899439102564103088e-01
7.881410256410256165e-01
7.850560897435897578e-01
7.844951923076922684e-01
7.862980769230769607e-01
7.871394230769230838e-01
7.853365384615385025e-01
7.860176282051282159e-01
7.872195512820512331e-01
7.864983974358974450e-01
7.852964743589743168e-01
7.843349358974358587e-01
7.841346153846153744e-01
7.824118589743589425e-01
7.860176282051282159e-01
7.820913461538461231e-01
7.873397435897435681e-01
7.829727564102564319e-01
7.837339743589744057e-01
7.826923076923076872e-01
7.830128205128205066e-01
7.834935897435897356e-01
7.841346153846153744e-01
7.862179487179487003e-01
7.836538461538461453e-01
7.841746794871794490e-01
7.857772435897435459e-01
7.821314102564103088e-01
7.871794871794871584e-01
7.832932692307692513e-01
7.826522435897436125e-01
7.842147435897436347e-01
7.876201923076923128e-01
7.888621794871795156e-01
7.843750000000000444e-01
7.857772435897435459e-01
7.882612179487179516e-01
7.862580128205127750e-01
7.804487179487179516e-01
7.837339743589744057e-01
7.848958333333333481e-01
7.857371794871794712e-01
7.836538461538461453e-01
7.822516025641025328e-01
7.841346153846153744e-01
7.853766025641025772e-01
7.865785256410255943e-01
7.836137820512820706e-01
7.842147435897436347e-01
7.868189102564102644e-01
7.850160256410256832e-01
7.858573717948718063e-01
7.882211538461538769e-01
7.836538461538461453e-01
7.881810897435896912e-01
7.835737179487179960e-01
7.849759615384614975e-01
7.856570512820513219e-01
7.855769230769230616e-01
7.838141025641025550e-01
7.830929487179487669e-01
7.891426282051282604e-01
7.862580128205127750e-01
7.820112179487179738e-01
7.879006410256410575e-01
7.872596153846154188e-01
7.891426282051282604e-01
7.844150641025641191e-01
7.852564102564102422e-01
7.843349358974358587e-01
7.861378205128205510e-01
7.857772435897435459e-01
7.847355769230769384e-01
7.829326923076923572e-01
7.834535256410256610e-01
7.854967948717949122e-01
7.868990384615384137e-01
7.845753205128205288e-01
7.808493589743589203e-01
7.821714743589743835e-01
7.838942307692308153e-01
7.860977564102563653e-01
7.827323717948717618e-01
7.849759615384614975e-01
7.846554487179486781e-01
7.851762820512820928e-01
7.837339743589744057e-01
7.861378205128205510e-01
7.844150641025641191e-01
7.835737179487179960e-01
7.837339743589744057e-01
7.853365384615385025e-01
7.881810897435896912e-01
7.812900641025640747e-01
7.841746794871794490e-01
7.826121794871795379e-01
7.837339743589744057e-01
7.856169871794871362e-01
7.837740384615384803e-01
7.811698717948717396e-01
7.844551282051281937e-01
7.882612179487179516e-01
7.834134615384615863e-01
7.859775641025641413e-01
7.831730769230769162e-01
7.895833333333333037e-01
7.866185897435897800e-01
7.818910256410256387e-01
7.892227564102564097e-01
7.867387820512820040e-01
7.850160256410256832e-01
7.883012820512820262e-01
7.863381410256410353e-01
7.816506410256410797e-01
7.891826923076923350e-01
7.824919871794872028e-01
7.866987179487179294e-01
7.837339743589744057e-01
7.844551282051281937e-01
7.842548076923077094e-01
7.856169871794871362e-01
7.849358974358974228e-01
7.854166666666666519e-01
7.849759615384614975e-01
7.814102564102564097e-01
7.850160256410256832e-01
7.847355769230769384e-01
7.850961538461538325e-01
7.842147435897436347e-01
7.869391025641025994e-01
7.815304487179487447e-01
7.854166666666666519e-01
7.866987179487179294e-01
7.840144230769230393e-01
7.863782051282051100e-01
7.850560897435897578e-01
7.835737179487179960e-01
7.850961538461538325e-01
7.828125000000000222e-01
7.866987179487179294e-01
7.833333333333333259e-01
7.842548076923077094e-01
7.827724358974359475e-01
7.858573717948718063e-01
7.878605769230768718e-01
7.829326923076923572e-01
7.896233974358974894e-01
7.805288461538461009e-01
7.831330128205128416e-01
7.850961538461538325e-01
7.838541666666666297e-01
7.877003205128204621e-01
7.856971153846153966e-01
7.874198717948718285e-01
7.847756410256410131e-01
7.838141025641025550e-01
7.814102564102564097e-01
7.845753205128205288e-01
7.819711538461538991e-01
7.860576923076922906e-01
7.848557692307692735e-01
7.810096153846153300e-01
7.851762820512820928e-01
7.828525641025640969e-01
7.884615384615384359e-01
7.851762820512820928e-01
7.842548076923077094e-01
7.814503205128204844e-01
7.810096153846153300e-01
7.859374999999999556e-01
7.800881410256410575e-01
7.858173076923077316e-01
7.832532051282051766e-01
7.823317307692307931e-01
7.832131410256409909e-01
7.858173076923077316e-01
7.854166666666666519e-01
7.845352564102564541e-01
7.856570512820513219e-01
7.811698717948717396e-01
7.860176282051282159e-01
7.880608974358974672e-01
7.859374999999999556e-01
7.834134615384615863e-01
7.884615384615384359e-01
7.823717948717948678e-01
7.846153846153846034e-01
