3.059522782839261712e+00
2.530580615997314542e+00
2.647888509432474891e+00
1.994037002783555224e+00
1.788434941952045110e+00
1.615441574194492524e+00
1.449937671270125961e+00
2.003474215055123242e+00
1.585477489691514252e+00
1.448078976227686887e+00
1.332778446490948010e+00
1.406797863886906530e+00
1.519266493809528829e+00
1.300418763282971568e+00
1.373772276364839895e+00
1.350359769662221376e+00
1.152337838747562460e+00
1.091913090608058745e+00
1.166617982204143811e+00
1.885301974797860103e+00
1.052119020926646664e+00
9.476160654654869342e-01
9.473849892616271751e-01
9.054739343814360852e-01
8.996890871952741842e-01
8.760849732619065966e-01
8.529524503610073083e-01
8.433577525310027578e-01
1.349367681527749108e+00
8.792192401030124449e-01
8.080358765064141746e-01
9.267704694699018253e-01
1.243950368807865914e+00
8.696163382285680976e-01
7.973967894529685463e-01
7.901026640182886585e-01
7.423737507600051133e-01
7.804005372218596470e-01
7.269927113484113690e-01
7.440517339950952769e-01
7.278191236349252913e-01
7.316928536464006871e-01
7.120206887905414783e-01
7.674167513847350852e-01
6.911650312252534123e-01
6.941939577078207746e-01
7.210548627070891836e-01
6.893059990344903021e-01
6.897137886438614585e-01
6.636200262950017192e-01
6.564147310379223610e-01
6.420571527419945967e-01
6.723199829077108891e-01
6.456110596656798872e-01
6.893772663214268182e-01
6.608463631226466628e-01
6.544573765534621446e-01
6.323302464607434281e-01
6.371474978251334687e-01
6.461477241454980369e-01
6.399122904508541820e-01
6.244323930679223089e-01
6.309085228504278664e-01
6.231552007870796439e-01
6.204170975929651499e-01
6.248672124667045136e-01
6.233683265172518251e-01
6.088125493281927314e-01
6.282342374324798584e-01
6.380538410101181945e-01
6.336749656078143333e-01
6.268210427883343927e-01
6.214759976435930700e-01
6.275930895255161790e-01
6.247414352037967689e-01
6.263078663593683038e-01
6.227592261937948681e-01
6.098452742283161365e-01
6.214181748720315479e-01
6.146370181670555155e-01
6.165620195559966543e-01
6.226816117763519509e-01
6.263664280756925384e-01
6.237415015697479470e-01
6.333111299918248172e-01
6.233047798658029048e-01
6.399419216009286648e-01
6.257450181704301562e-01
6.222245265276004078e-01
6.344627300898234568e-01
6.198745168172395958e-01
6.287742063021048988e-01
6.171097400860908744e-01
6.193784230794662227e-01
6.194722314675649155e-01
6.297560080503805668e-01
6.263703095607268123e-01
6.189691522182562133e-01
6.218095064163208230e-01
6.235667606194813528e-01
6.130547054302998289e-01
6.196027350731384553e-01
6.286998475209261139e-01
6.234536189299363373e-01
6.253852209983727928e-01
6.211683777662423411e-01
6.198577521703182436e-01
6.217472175757090547e-01
6.244292230178147829e-01
6.216309934090344935e-01
6.147988753441052667e-01
6.136111915111541748e-01
6.298184977127955220e-01
6.281613018268193960e-01
6.227878993902451477e-01
6.152441504674079908e-01
6.144933512577643864e-01
6.226570742252545143e-01
6.281945849076295829e-01
6.248354482345092054e-01
6.286663251045422340e-01
6.247085288549081294e-01
6.236375128611539864e-01
6.145732625936850546e-01
6.219189260250482798e-01
6.231694359045761855e-01
6.241566914778489128e-01
6.143576776370024417e-01
6.242632441031626955e-01
6.196910957495371797e-01
6.140683534817817923e-01
6.227985490591098072e-01
6.143072537886791196e-01
6.258238939138559553e-01
6.217155704131492877e-01
6.214875496350802386e-01
6.170326069379463707e-01
6.127051999935737570e-01
6.293132922588250411e-01
6.288340004590841081e-01
6.191188712914784675e-01
6.205411099470579117e-01
6.215053844146239959e-01
6.243121196062136891e-01
6.153617169612493054e-01
6.351607281428116591e-01
6.314337388063088197e-01
6.216207061058435235e-01
6.258238610548850778e-01
6.199154885915609814e-01
6.277115840178270068e-01
6.195822407037784307e-01
6.265645811190971859e-01
6.112633086167849061e-01
6.276704004177680041e-01
6.324503227686271156e-01
6.161608393375690440e-01
6.173639468657664553e-01
6.214745391637851446e-01
6.191524368066053663e-01
6.266502993229108309e-01
6.253619869550068877e-01
6.176649620899787863e-01
6.288915831309098703e-01
6.351162169224177090e-01
6.237191210954616816e-01
6.236591556133368464e-01
6.256110634559239880e-01
6.313999776656811225e-01
6.294180619410979505e-01
6.192008976752941818e-01
6.165742343817002258e-01
6.188318750797173751e-01
6.233040708761948823e-01
6.324940076241126752e-01
6.252313638344789704e-01
6.295246854806557657e-01
6.130361686914395092e-01
6.142233854685074101e-01
6.276954571406047068e-01
6.237735896538465497e-01
6.193976435905848010e-01
6.166773568361233471e-01
6.263993973915393809e-01
6.266143245574755660e-01
6.186867244732685567e-01
6.188428097810501072e-01
6.201499031140254026e-01
6.216903782807863266e-01
6.257494979943984958e-01
6.208596802674807291e-01
6.204551576039729621e-01
6.258683484334212066e-01
6.194430270256140458e-01
6.192998488744100305e-01
6.321906040876339450e-01
6.206388293168483283e-01
6.254835741642194025e-01
6.145190248122581744e-01
6.250005520307100326e-01
6.174851843943962582e-01
6.323967097661433723e-01
6.225792537897061329e-01
6.239428679148356638e-01
6.148074869926158925e-01
6.238443750601548876e-01
6.307583067661676202e-01
6.208730972730196473e-01
6.237401482386466522e-01
6.166245593474461995e-01
6.219952046871185525e-01
6.286368102599413366e-01
6.259970308878483047e-01
6.355103552341461182e-01
6.212261609542064633e-01
6.214522662835243461e-01
6.211619209020565746e-01
6.167927052730168835e-01
6.155900351512126889e-01
6.367326617240905984e-01
6.310695608456929895e-01
6.225146894271557096e-01
6.210891968164689025e-01
6.301625283864827898e-01
6.140397041271894452e-01
6.175163900240873138e-01
6.316288507901705040e-01
6.166303793589273941e-01
6.205597134736867693e-01
6.259394119947384594e-01
6.122990540969066586e-01
6.220306877906506271e-01
6.150985123255313658e-01
6.396385703331385342e-01
6.071553844671983002e-01
6.289706716170677669e-01
6.185541038329784858e-01
6.151198027989803752e-01
6.229120795543376943e-01
6.255717913309732925e-01
6.341258797890100274e-01
6.176278349680778268e-01
6.201893416734841624e-01
6.204195996125538848e-01
6.243614847843463878e-01
6.226734787989884889e-01
6.237683695096235548e-01
6.148136485845614452e-01
6.235895785001608349e-01
6.204349693579551683e-01
6.203076159342740814e-01
6.299180067502535563e-01
6.217792798311282398e-01
6.184659841733101127e-01
6.155883804345742005e-01
6.244734403414603507e-01
6.231741342789087756e-01
6.154871057241391163e-01
6.133622629520220082e-01
6.255679715902376925e-01
6.226776631978842014e-01
6.245466576172755691e-01
6.281255022073403138e-01
6.203537393838931546e-01
6.281374161060039318e-01
6.275091415796524297e-01
6.169618579057546404e-01
6.189477156370114530e-01
6.144514042597550851e-01
6.174326889025859577e-01
6.253808904916812184e-01
6.256296058495839363e-01
6.262369946027412926e-01
6.238981706973834029e-01
6.209089670425805840e-01
6.223510687167828070e-01
6.193979307627066611e-01
6.145431240399678030e-01
6.233074451104189118e-01
6.189414459925431933e-01
6.189034568957793025e-01
6.159227603521102434e-01
6.264213111156072822e-01
6.238395408177986878e-01
6.305440207322438040e-01
6.225859629802215078e-01
6.219158157324179426e-01
6.174255112806955603e-01
6.200328111648559792e-01
6.239571128136072176e-01
6.219758998125027860e-01
6.179115695831103316e-01
6.160011774454361433e-01
6.328161542232220160e-01
6.246678506716704105e-01
6.221296875904768209e-01
6.202693531146415973e-01
6.222254889133649325e-01
6.261656026045481216e-01
6.273981033227382653e-01
6.231840283442766637e-01
6.258574070074619522e-01
6.311758056665077721e-01
6.229113748440375797e-01
6.224060526260962734e-01
6.315173356960981366e-01
6.254674885517511607e-01
6.213532050450643052e-01
6.205287603231576243e-01
6.299044916262993565e-01
6.237898867863874708e-01
6.288190970054039486e-01
6.245419410558846751e-01
6.269884635240603465e-01
6.234974888654855052e-01
6.296770977668273428e-01
6.285204022358625853e-01
6.154296642694717656e-01
6.262728179112458937e-01
6.263138754245561879e-01
6.301850826312334064e-01
6.340686174539419406e-01
6.271508300915742407e-01
6.268200800969050412e-01
6.204417146169222130e-01
6.325472331964052675e-01
6.234529652656652932e-01
6.211288825059548824e-01
6.219501209564698430e-01
6.200914130761072673e-01
6.329567632614038208e-01
6.138601604180458082e-01
6.067532498102922167e-01
6.232479954377199149e-01
6.234765172004699263e-01
6.280474969973930399e-01
6.163822140449132236e-01
6.099696160891117103e-01
6.228377264279585379e-01
6.235596444362249136e-01
6.270974050729702931e-01
6.220214730654007873e-01
6.210110268531701117e-01
6.247366781418139947e-01
6.164641397121625177e-01
6.315302902307265986e-01
6.150105430529667627e-01
6.173822062137799271e-01
6.273812673030755294e-01
6.234884164272210816e-01
6.230247350839468456e-01
6.236973224542079475e-01
6.190607543175037364e-01
6.252653607955345194e-01
6.349156556985317001e-01
6.186624528505862974e-01
6.277833165266575310e-01
6.244738059166150546e-01
6.286667463106986320e-01
6.239272683094709837e-01
6.189254574286632282e-01
6.140561588299580098e-01
6.181879349243946109e-01
6.246614957467103713e-01
6.169738364525330088e-01
6.261712126242808818e-01
6.126341614967737437e-01
6.275471216593033752e-01
6.176191253539843329e-01
6.297090947628021240e-01
6.277574756206609763e-01
6.257895211378733391e-01
6.227617945426550117e-01
6.221309692431719052e-01
6.179797086960230335e-01
6.148426792560479637e-01
6.264653672010470631e-01
6.222664162134512456e-01
6.303173042260683534e-01
6.358593520445701142e-01
6.247748368825667420e-01
6.234535645215939503e-01
6.169356508132738393e-01
6.335631780135325686e-01
6.244450576794453589e-01
6.313142975171407434e-01
6.292460901614946867e-01
6.245456001697442527e-01
6.248354853727878799e-01
6.255547356911194123e-01
6.207750192055335736e-01
6.221335644905383599e-01
6.326369019655081471e-01
6.143682414140456682e-01
6.214591830204694300e-01
6.206948783153142246e-01
6.214002026961400471e-01
6.166682819525400872e-01
6.264707655478746195e-01
6.134518441481467965e-01
6.181267400582631799e-01
6.250151105416126285e-01
6.276897176718100324e-01
6.191898228266300430e-01
6.244827207846519457e-01
6.245805543202620491e-01
6.185470206615252264e-01
6.228606746746943035e-01
6.201355998332683805e-01
6.161664171096605802e-01
6.246926420774214783e-01
6.209136852851280253e-01
6.251022934913634810e-01
6.274434872162647503e-01
6.205975202413706038e-01
6.183727964376791730e-01
6.240561635066301793e-01
6.225222084766779407e-01
6.284370293984046230e-01
6.234653413295745406e-01
6.210778641395079402e-01
6.230638216703365817e-01
6.240795653599958692e-01
6.091058026521634083e-01
6.272325020570020948e-01
6.268637985755235453e-01
6.225808036633027065e-01
6.275645659520076025e-01
6.247481089371901275e-01
6.304361879825591819e-01
6.303295020873730392e-01
6.268463296767993187e-01
6.268804077918712636e-01
6.216857074162899233e-01
6.115542832093361358e-01
6.193297904271345411e-01
6.146780153115590783e-01
6.237188617388407241e-01
6.247157378074450484e-01
6.131298106450301377e-01
6.205849016324067602e-01
6.287032303137657374e-01
6.192286772605700707e-01
6.254906934041243316e-01
6.246485670407613267e-01
6.282892512969481258e-01
6.172932957991575931e-01
6.283606642331832637e-01
6.357293295554625745e-01
6.269067249236962569e-01
6.153799708072955621e-01
6.169668293916261703e-01
6.178754641459538455e-01
6.243594761078173905e-01
6.248773007820813685e-01
6.326319547799917897e-01
6.220429701682849144e-01
6.161149807465382544e-01
6.270155400801927792e-01
6.147049702130831239e-01
6.220401563705542092e-01
6.224402872415689680e-01
6.361673376499078492e-01
6.228804707527160200e-01
6.155230196622701877e-01
6.151948485618982110e-01
6.177679708370795719e-01
6.315539896488189253e-01
6.195819523089971526e-01
6.189814688303532098e-01
6.316160168403234243e-01
6.184810714843945734e-01
6.286022892365088488e-01
6.304423998563717380e-01
6.300345352062812765e-01
6.221147060394287553e-01
6.304015732728518451e-01
6.384977284150246124e-01
6.264973042867122421e-01
6.247309551789210769e-01
6.229315354273869954e-01
6.191801647345225312e-01
6.126422776625706224e-01
6.190179071365258245e-01
6.216881155967712846e-01
6.353076653602796053e-01
6.264759601690830237e-01
6.297948352801494565e-01
6.237667534595880969e-01
6.180365967444884090e-01
6.153978486855824492e-01
6.275749823985955489e-01
6.168959227892069075e-01
6.334655688359187575e-01
6.296105580452161510e-01
6.280384210439828863e-01
6.195863590790675612e-01
6.114637058514814649e-01
6.205882856479058018e-01
6.231137757117931608e-01
6.160861239983485005e-01
6.297106100962712727e-01
6.279526181710072263e-01
6.212555941862937248e-01
6.275697669921777022e-01
6.176954092123569939e-01
6.203244114533449372e-01
6.128307437285398507e-01
6.172312200069427490e-01
6.299322093144441581e-01
6.197175724384111906e-01
6.194677611192067612e-01
6.144879912718748116e-01
6.137080744290963619e-01
6.266745694172688452e-01
6.273472402340326548e-01
6.290558286202259097e-01
6.136398153427319313e-01
6.196373288448040473e-01
6.244724768858689323e-01
6.121790375465001599e-01
6.200958762413416592e-01
6.267605211490240302e-01
6.237963120142618889e-01
6.257235566775004587e-01
6.300374812040573369e-01
6.234982472199660508e-01
6.311535786359737665e-01
6.199063994945623879e-01
6.154612794900551354e-01
6.299833673697251557e-01
6.223304864687797533e-01
6.178756376107533699e-01
6.203606481735522982e-01
6.247984112837375870e-01
6.173887741871368906e-01
6.222040252807813365e-01
6.165139919672256719e-01
6.141088626323601973e-01
6.293676423720824253e-01
6.352995903064042604e-01
6.273695562130365833e-01
6.153641450099456289e-01
6.108056502464490611e-01
6.288262277077405482e-01
6.112883862776633537e-01
6.262344271708757404e-01
6.236359075093880211e-01
6.275785863399505615e-01
6.280378367656316296e-01
6.243657859472128147e-01
6.203401932349571490e-01
6.183522253464429630e-01
6.190466727965917570e-01
6.208708234322376507e-01
6.280443431475223326e-01
6.217148024302262543e-01
6.167235117692213553e-01
6.145611660602765536e-01
6.192314815826904795e-01
6.251450789280427189e-01
6.211662839620540888e-01
6.294890596316411457e-01
6.213028858869503734e-01
6.394205877414116390e-01
6.309956584221277920e-01
6.250121619456853184e-01
6.129585956915830636e-01
6.191441820218013259e-01
6.203348509776286379e-01
6.264063369005153925e-01
6.196758988576057670e-01
6.231358094093126798e-01
6.231339526482116975e-01
6.255885104338327896e-01
6.206650692683000070e-01
6.221299585623618622e-01
6.213559193488878973e-01
6.165584072088583500e-01
6.259016750714717636e-01
6.251122242365128034e-01
6.284452945758134401e-01
6.370487164228390009e-01
6.303926150004068862e-01
6.375311787311847000e-01
6.229957329921232967e-01
6.198200453550387623e-01
6.212870810276422961e-01
6.220381726057101490e-01
6.188776589356935753e-01
6.385843854684095655e-01
6.150572902117019680e-01
6.245635474339509274e-01
6.216771805897737257e-01
6.323854502959128654e-01
6.235995728235977920e-01
6.222885134892586212e-01
6.139879524707794189e-01
6.222108165423075876e-01
6.261300135881472384e-01
6.296027735257759828e-01
6.295877944200466425e-01
6.220415521890688693e-01
6.124616968326079824e-01
6.309071397170041839e-01
6.193065861860911347e-01
6.252300309829222913e-01
6.265217631291120082e-01
6.111687198663369180e-01
6.162120033533144969e-01
6.223368235123463155e-01
6.202278736310127272e-01
6.062836867112380013e-01
6.180738687515259233e-01
6.224151826821840983e-01
6.135658267216804740e-01
6.181311850364391569e-01
6.248472673770708585e-01
6.279034779622004736e-01
6.263112593919802906e-01
6.290001930334628844e-01
6.163783183464637272e-01
6.299880958520449603e-01
6.354049114080575489e-01
6.224695008534651963e-01
6.241517082238808856e-01
6.283275735683929719e-01
6.178220429481604548e-01
6.242429305345583712e-01
6.110991098941900290e-01
6.243390631981384775e-01
6.208102463147578964e-01
6.210537578815068516e-01
6.168906694803482083e-01
6.207271053240849268e-01
6.316689450007219042e-01
6.191458680690863359e-01
6.140167237856448690e-01
6.262073180614373680e-01
6.169882862995832440e-01
6.259498402094230141e-01
6.205695030016776803e-01
6.299984568204635149e-01
6.155199598043392673e-01
6.234445003362801829e-01
6.036929135139171843e-01
6.117964532130804045e-01
6.275428911050160430e-01
6.342569262553483522e-01
6.283186278282067994e-01
6.266552180815965212e-01
6.292708927240127093e-01
6.214324361238724448e-01
6.250968165886707784e-01
6.179767920420720095e-01
6.267578817330874408e-01
6.298017228261018063e-01
6.165440441706241392e-01
6.190228792337271191e-01
6.159383983184130162e-01
6.238429822982886064e-01
6.161333655699705592e-01
6.228310354245014668e-01
6.183669554881560115e-01
6.194055315775749415e-01
6.174057749601510325e-01
6.145687835338787819e-01
6.348058130496587737e-01
6.250882899149869942e-01
6.280330635034121478e-01
6.181113701600294830e-01
6.307857342255420718e-01
6.254918838158631811e-01
6.286532637400504830e-01
6.186862763686057365e-01
6.269783585499494327e-01
6.139352031243152652e-01
6.185724966036967309e-01
6.239218583473792323e-01
6.191956481872460394e-01
6.304288810644393948e-01
6.110526508245712751e-01
6.213621208300956766e-01
6.238504703228290316e-01
6.286129308052551545e-01
6.080914323146526801e-01
6.284033384078587803e-01
6.162486291848696673e-01
6.157439806522466696e-01
6.237581198032086105e-01
6.234147762640928070e-01
6.222520340711642506e-01
6.222978040193900551e-01
6.247240526553912154e-01
6.210314613122206451e-01
6.280924943777230762e-01
6.215152702270410057e-01
6.311606747981829413e-01
6.250761282749665027e-01
6.195687958827384989e-01
6.260359643361507187e-01
6.182484489220839707e-01
6.272857800508157000e-01
6.257557087983840471e-01
6.218160971617087140e-01
6.227482548126808126e-01
6.312850259817563980e-01
6.169638710144238480e-01
6.200288003835923156e-01
6.272625796305827395e-01
6.275868230905288225e-01
6.194492514316852771e-01
6.262879085846436711e-01
6.127436957298181275e-01
6.192404114283047711e-01
6.085695454707512608e-01
6.205213247201382121e-01
6.200096102861257785e-01
6.148593584696452341e-01
6.323298500134394429e-01
6.191980792925908528e-01
6.257169636396261447e-01
6.238183554930564201e-01
6.230542263923547486e-01
6.221906961538852254e-01
6.285965988269218707e-01
6.302182503235645994e-01
6.150079128069755319e-01
6.175130379505646694e-01
6.418364656277192326e-01
6.212102677577581167e-01
6.164177974065144783e-01
6.104843365840423308e-01
6.233309375934111829e-01
6.107107234306824450e-01
6.220611333847045898e-01
6.221224428751529478e-01
6.233274572934859314e-01
6.223857723749600668e-01
6.176153131020374332e-01
6.170553804972233047e-01
6.200230263746702164e-01
6.199260176756442586e-01
6.232050078037457697e-01
6.088176137361771545e-01
6.307831420348241069e-01
6.154997151631574903e-01
6.260095400687976097e-01
6.229156449819222008e-01
6.119359296101790635e-01
6.250915836065243925e-01
6.166172351592625889e-01
6.142849990954766248e-01
6.205019927941836100e-01
6.395230059440318859e-01
6.277591003821446636e-01
6.306817358885056235e-01
6.183289084679041148e-01
6.346488498724424110e-01
6.263027337881235113e-01
6.127941587032416093e-01
6.225468715031942102e-01
6.231935238226865570e-01
6.321099217121417535e-01
6.255177757678888062e-01
6.216990681794973828e-01
6.252128735566750972e-01
6.158469788539103762e-01
6.196399445717151178e-01
6.260688531093108189e-01
6.282500302180266116e-01
6.214157176323426013e-01
6.310074390509189390e-01
6.276957076329451324e-01
6.109866405144716017e-01
6.217512535743224822e-01
6.160969657775683395e-01
6.210487064642783439e-01
6.241558466202173916e-01
6.202583354253035086e-01
6.277588339952322460e-01
6.114333955141214583e-01
6.303585176284496328e-01
6.226716504647181738e-01
6.270581711561251659e-01
6.178035914897919145e-01
6.331981678803761948e-01
6.210993471818092582e-01
6.347718825707069357e-01
6.218861667009499827e-01
6.245202869941026691e-01
6.148622729839422485e-01
6.294206322767795792e-01
6.128527305065056829e-01
6.231393685707679042e-01
6.276989459991455522e-01
6.238414701743003610e-01
6.194452320918059085e-01
6.120472438824482442e-01
6.236846767939053793e-01
6.259220461050669648e-01
6.189510212494776509e-01
6.200652522918504994e-01
6.234614511330922593e-01
6.276585010381845464e-01
6.231763851948273203e-01
6.255312332740197157e-01
6.322438212541433566e-01
6.184307483526376714e-01
6.239109045419937161e-01
6.185467426593487250e-01
6.337970155936021310e-01
6.264627095980521698e-01
6.120579878489176284e-01
6.179108786277281995e-01
6.227711047881688833e-01
6.281365527556492800e-01
6.269210257591345536e-01
6.264207791059445141e-01
6.226844419271517772e-01
6.197906518593813141e-01
6.129901337317931187e-01
6.182969874296433410e-01
6.205202217285449295e-01
6.310797159488384933e-01
6.279244160040831080e-01
6.306684284638135463e-01
6.307575760743556748e-01
6.268671544698568576e-01
6.072005083927741742e-01
6.238875393684093495e-01
6.239071280528337704e-01
6.191349009672800774e-01
6.272546798754961017e-01
6.270648688842088703e-01
6.193222246108911477e-01
6.245574844189178965e-01
6.331938554079105108e-01
6.308688596273079874e-01
6.230532866257887381e-01
6.194438373431181422e-01
6.147975279734685383e-01
6.262442964773912157e-01
6.247874961449549902e-01
6.246218380255577074e-01
6.239179164935381161e-01
6.158444655247223842e-01
6.202301386075141920e-01
6.244598474258031828e-01
6.274278183778126960e-01
6.183258765783065103e-01
6.242681596523675935e-01
6.310999818337269529e-01
6.206249157587687693e-01
6.206800427192297187e-01
6.202889126080732840e-01
6.264039180217645386e-01
6.235669559393173245e-01
6.188057914758340328e-01
6.264698633780846349e-01
6.124140795988913810e-01
6.193035425283970330e-01
6.185639656507051498e-01
6.231933468427413025e-01
6.236290752887725386e-01
6.158428823336576929e-01
6.395368796128493294e-01
6.196614159987523518e-01
6.284236070437309030e-01
6.196089756794465053e-01
6.267975747585297075e-01
6.311153098558768271e-01
6.197855360997028829e-01
6.225103175028776636e-01
6.308541725843380688e-01
6.200209455612378795e-01
6.210655800807169946e-01
6.185300182073544262e-01
6.259183631493494548e-01
6.136731263918754342e-01
6.171906031095064638e-01
6.170457207239591346e-01
6.189824018722925869e-01
6.203407249389550904e-01
6.233965546656877743e-01
6.264220006954975828e-01
6.225508969563704476e-01
6.301013838022183622e-01
6.178602325610625945e-01
6.204450566035050185e-01
6.264861395725837001e-01
6.263170521992903472e-01
6.254468919375003599e-01
6.277276729926084542e-01
6.246068433309213130e-01
6.327551875358973232e-01
6.117963277376614606e-01
6.240553136055285721e-01
6.242616959107227803e-01
6.350189455044574771e-01
6.399085842646085043e-01
6.237191781019553183e-01
6.292252488625355022e-01
6.254563933763748196e-01
6.259029292143307721e-01
6.131406041292043474e-01
6.258667870973929626e-01
6.254123881841316956e-01
6.239542332979348682e-01
6.204821806687574881e-01
6.374030536566025473e-01
6.386941721806159711e-01
6.270218890446882520e-01
6.213953812917073494e-01
6.204458793004353767e-01
6.228509999238527328e-01
6.230351895858079470e-01
6.281884161325601568e-01
6.240190458603394053e-01
6.256985132510844982e-01
6.193598916897407047e-01
6.253615272350799836e-01
6.239633604502066166e-01
6.266383580672435505e-01
6.091524191391773924e-01
6.380999121910486682e-01
6.332690951151725978e-01
6.201269430991930287e-01
6.158103785453699075e-01
6.215786907917414394e-01
6.322195340425540433e-01
6.231014153896233809e-01
6.197288205990424403e-01
6.189941387910109505e-01
6.222905479944669249e-01
6.205670553904313325e-01
6.201477723243908891e-01
6.264868962459074764e-01
6.204906255770952228e-01
6.278656927438882596e-01
6.171954475916349159e-01
6.069490206547272226e-01
6.189664259935037105e-01
6.272791141118758684e-01
6.214484749696194132e-01
6.215189626583685900e-01
6.227072990857638324e-01
6.160222345437759150e-01
6.191714702508388513e-01
6.285021326480767501e-01
6.125477948249914428e-01
6.276838936866857566e-01
6.208440910547207148e-01
6.166171974096542607e-01
6.321828970542320292e-01
6.219214147482162725e-01
6.187399529493772254e-01
6.237726427041567767e-01
6.291662960480420841e-01
6.248508736109121831e-01
6.252210187606322966e-01
6.300399518929995502e-01
6.216629761915940522e-01
6.291760521057324640e-01
6.155323801896510627e-01
6.063397121735107920e-01
6.225902742300277737e-01
6.230729317053770311e-01
6.223231963622264384e-01
6.238096023217225561e-01
6.348303904900184369e-01
6.308966908699427112e-01
6.162385161106402887e-01
6.223299367305560326e-01
6.244688472686670266e-01
6.214983548873510566e-01
6.238507709442040472e-01
6.161357613710256587e-01
6.167658941868023881e-01
6.375974548168671374e-01
6.239079901805291151e-01
6.240768701602250612e-01
6.157424647074479784e-01
6.200444028927729612e-01
6.159514395090249783e-01
6.144610938353416429e-01
6.233097507403446702e-01
6.336391980831439508e-01
6.160760725155854933e-01
6.234696346979874404e-01
6.178509330138182154e-01
6.210529593320993635e-01
6.238334345511901136e-01
6.237518619268368480e-01
6.168495616851709107e-01
6.141451690441522837e-01
6.238017149460621802e-01
6.263496884932884257e-01
6.222864225888863343e-01
6.355018942784040892e-01
