5.576280159827989857e-01
5.557392315986828812e-01
5.564479812597616926e-01
5.554133818699763525e-01
5.593694041936825290e-01
5.563692993078476201e-01
5.521299890982799274e-01
5.572146348464183108e-01
5.565142695720378674e-01
5.563807235314295330e-01
5.538175674585196218e-01
5.562212983767191865e-01
5.544919021618671673e-01
5.539479553699493408e-01
5.566491220241938098e-01
5.615394222430694082e-01
5.545104329402630317e-01
5.570373671177105690e-01
5.569582896354871027e-01
5.566784753249242046e-01
5.562643324717496673e-01
5.614841439785100974e-01
5.583639042499738414e-01
5.571258742075699821e-01
5.556486724278866252e-01
5.563317506741254359e-01
5.549127098841545314e-01
5.551177561283111572e-01
5.573002210030189030e-01
5.578089007964500690e-01
5.573222605081704639e-01
5.560451525908249870e-01
5.548307689336630100e-01
5.571245430371700724e-01
5.622830912088736532e-01
5.534473920479798803e-01
5.594334253898033404e-01
5.551244983306298231e-01
5.553835764909401673e-01
5.557073677197480466e-01
5.551727113051292406e-01
5.555556338567000374e-01
5.545265329189789094e-01
5.554469900253491410e-01
5.604158213505378017e-01
5.568960723204490204e-01
5.556856730045416359e-01
5.589772595809056055e-01
5.496739130753737212e-01
5.575685186263842352e-01
5.562766799559959452e-01
