7.237179487179487003e-01
7.260016025641025106e-01
7.247195512820512331e-01
7.238381410256410353e-01
7.206730769230769162e-01
7.235977564102563653e-01
7.210737179487179960e-01
7.192307692307692291e-01
7.247596153846154188e-01
7.220753205128205288e-01
7.255208333333332815e-01
7.203125000000000222e-01
7.247195512820512331e-01
7.252804487179487225e-01
7.244791666666666741e-01
7.192307692307692291e-01
7.179487179487179516e-01
7.211939102564102200e-01
7.268830128205128194e-01
7.225560897435897578e-01
7.230368589743589869e-01
7.211538461538461453e-01
7.224358974358974228e-01
7.266426282051282604e-01
7.218750000000000444e-01
7.230368589743589869e-01
7.227163461538461675e-01
7.256810897435896912e-01
7.224358974358974228e-01
7.203926282051281715e-01
7.230368589743589869e-01
7.231169871794871362e-01
7.243189102564102644e-01
7.258012820512820262e-01
7.201522435897436125e-01
7.230368589743589869e-01
7.179086538461538769e-01
7.198317307692307931e-01
7.253205128205127972e-01
7.266426282051282604e-01
7.268830128205128194e-01
7.224358974358974228e-01
7.269230769230768940e-01
7.243589743589743390e-01
7.219150641025641191e-01
7.238782051282051100e-01
7.220753205128205288e-01
7.205128205128205066e-01
7.255208333333332815e-01
7.211137820512820706e-01
7.231570512820513219e-01
