5.353600016236305381e-02
5.356000006198882724e-02
5.417600026726722418e-02
5.458399990200996088e-02
5.376800012588500710e-02
5.484800016880035656e-02
5.505600017309188882e-02
5.531200027465820596e-02
5.458400020003318504e-02
5.508800020813942044e-02
5.591199991106986927e-02
5.456800013780593872e-02
5.512000036239624035e-02
5.563200002908706698e-02
5.456800022721290666e-02
5.580800008773803556e-02
5.571199995279312034e-02
5.547200000286102439e-02
5.596000027656555104e-02
5.570400008559227290e-02
5.976800003647804449e-02
6.115200024843216176e-02
6.052800005674362216e-02
6.065600016713142140e-02
6.108800044655799538e-02
6.100800028443336548e-02
6.173600012063980291e-02
6.110400032997131275e-02
6.152800014615059099e-02
6.100800037384033342e-02
6.126399999856949052e-02
6.120000037550926003e-02
6.140000030398368863e-02
6.165600025653839023e-02
6.176000040769576843e-02
6.200800013542175082e-02
6.173600015044212325e-02
6.195200034976005438e-02
6.244800010323524331e-02
6.150400018692016302e-02
6.192800006270408886e-02
6.199200043082236933e-02
6.156800010800361767e-02
6.217600026726722434e-02
6.213600024580955700e-02
6.296000009775161443e-02
6.193600022792816046e-02
6.257600018382072915e-02
6.255200007557869257e-02
6.256800031661986783e-02
6.227200016379356301e-02
6.362400016188621277e-02
6.320000028610230081e-02
6.309600001573562045e-02
6.435999980568886392e-02
6.487200024724006087e-02
6.486400023102760481e-02
6.530400007963180209e-02
6.476800027489662548e-02
6.484800037741661471e-02
6.512000045180320329e-02
6.526400029659271129e-02
6.475200036168098083e-02
6.464000034332274824e-02
6.499200001358985956e-02
6.595200002193450650e-02
6.495200011134147355e-02
6.511200025677681136e-02
6.532800021767616594e-02
6.501600000262260093e-02
6.531200045347214378e-02
6.566400030255317710e-02
6.539200028777122919e-02
6.536800038814544189e-02
6.532000026106835056e-02
6.508000007271766418e-02
6.539200034737586986e-02
6.548000016808509793e-02
6.571200016140937850e-02
6.547200021147728255e-02
6.540800008177757863e-02
6.538400033116339993e-02
6.577600023150444175e-02
6.570400032401084445e-02
6.575200006365776451e-02
6.521600002050399747e-02
6.568800050020218162e-02
6.627200028300285484e-02
6.548000046610832903e-02
6.620800024271011885e-02
6.650400015711784019e-02
6.678400012850761736e-02
6.656000015139579284e-02
6.645600026845932540e-02
6.625600004196166570e-02
6.685600024461746393e-02
6.656800001859665417e-02
6.650400018692016746e-02
6.628000009059906161e-02
6.611199995875358115e-02
6.648800066113472185e-02
6.628800037503242149e-02
6.634400048851966936e-02
6.683200004696845942e-02
6.672000026702880338e-02
6.644800016283988753e-02
6.679200017452240068e-02
6.681600031256675065e-02
6.656800013780593550e-02
6.712800061702728360e-02
6.693600034713745317e-02
6.663200002908706288e-02
6.700800028443336387e-02
6.703200024366379184e-02
6.666400048136711387e-02
6.679200020432472795e-02
6.698400020599365456e-02
6.660000047087669128e-02
6.678400033712386663e-02
6.699200046062470104e-02
6.680800026655196733e-02
6.685600051283836776e-02
6.690400019288063327e-02
6.696800029277800992e-02
6.679200032353400929e-02
6.688000038266181391e-02
6.699200025200843789e-02
6.700800025463103660e-02
6.709600001573562400e-02
6.702400013804435397e-02
6.697600054740905640e-02
6.692000028491019992e-02
6.700000038743018915e-02
6.678400000929832214e-02
6.708800011873244928e-02
6.704800009727478194e-02
6.689600020647049061e-02
6.692800018191337463e-02
6.695999997854232277e-02
6.690400007367133806e-02
6.689600035548209922e-02
6.698400032520293590e-02
6.709600007534026467e-02
6.704000040888785650e-02
6.704800027608871782e-02
6.710400041937827909e-02
6.700000038743018915e-02
6.700799989700317871e-02
6.701600041985511513e-02
6.699200031161307856e-02
6.696800023317336925e-02
6.699200037121773310e-02
6.696800023317336925e-02
6.699200081825255892e-02
6.697600024938583918e-02
6.696000024676322659e-02
6.698400029540062250e-02
6.697600018978118463e-02
6.699200028181076516e-02
6.698400014638901390e-02
6.699200022220611062e-02
6.699200001358986134e-02
6.699200046062470104e-02
6.698400020599365456e-02
6.698400032520293590e-02
6.699200019240379722e-02
6.699200057983398238e-02
6.699200004339217474e-02
6.699200031161307856e-02
6.699200001358986134e-02
6.699200037121773310e-02
6.699199992418289340e-02
6.699200019240379722e-02
6.699200004339217474e-02
6.699200016260146995e-02
6.699200025200843789e-02
6.699200040102004650e-02
6.699200004339217474e-02
6.699200057983398238e-02
6.699200016260146995e-02
6.699200049042701444e-02
6.699200043082237377e-02
6.699200040102004650e-02
6.699200025200843789e-02
6.699200013279914268e-02
6.699200025200843789e-02
6.699200007319450201e-02
6.699200016260146995e-02
6.699200022220611062e-02
6.699200034141540583e-02
6.699200049042701444e-02
6.699200031161307856e-02
6.699200013279914268e-02
6.699200004339217474e-02
6.699200028181076516e-02
6.699200001358986134e-02
6.699200046062470104e-02
6.699200004339217474e-02
6.699200052022934171e-02
6.699200010299682928e-02
6.699200019240379722e-02
6.699200013279914268e-02
6.699200004339217474e-02
6.699200043082237377e-02
6.699200040102004650e-02
6.699200034141540583e-02
6.699200060963630965e-02
6.699200066924095032e-02
6.699200016260146995e-02
6.699200001358986134e-02
6.699200037121773310e-02
6.699200025200843789e-02
6.699200007319450201e-02
6.699200022220611062e-02
6.699200034141540583e-02
6.699200025200843789e-02
6.699200016260146995e-02
6.699200010299682928e-02
6.699200025200843789e-02
6.699200013279914268e-02
6.699200055003165510e-02
6.699200028181076516e-02
6.699200025200843789e-02
6.699200057983398238e-02
6.699200046062470104e-02
6.699200010299682928e-02
6.699200040102004650e-02
6.699200034141540583e-02
6.699200040102004650e-02
6.699200031161307856e-02
6.699200010299682928e-02
6.699200040102004650e-02
6.699200037121773310e-02
6.699200034141540583e-02
6.699200040102004650e-02
6.699200040102004650e-02
6.699200040102004650e-02
6.699200010299682928e-02
6.699200013279914268e-02
6.699200049042701444e-02
6.699200052022934171e-02
6.699200004339217474e-02
6.699200010299682928e-02
6.699200037121773310e-02
6.699200004339217474e-02
6.699200022220611062e-02
6.699200028181076516e-02
6.699200031161307856e-02
6.699200001358986134e-02
6.699199986457825273e-02
6.699199998378753407e-02
6.699200022220611062e-02
6.699200016260146995e-02
6.699200025200843789e-02
6.699200057983398238e-02
6.699200049042701444e-02
6.699200049042701444e-02
6.699200022220611062e-02
6.699200022220611062e-02
6.699200022220611062e-02
6.699199998378753407e-02
6.699200046062470104e-02
6.699200046062470104e-02
6.699200028181076516e-02
6.699200046062470104e-02
6.699200046062470104e-02
6.699199992418289340e-02
6.699200010299682928e-02
6.699200001358986134e-02
6.699200010299682928e-02
6.699200028181076516e-02
6.699200034141540583e-02
6.699199998378753407e-02
6.699200063943862304e-02
6.699200037121773310e-02
6.699200016260146995e-02
6.699200037121773310e-02
6.699200037121773310e-02
6.699200028181076516e-02
6.699200013279914268e-02
6.699200016260146995e-02
6.699200025200843789e-02
6.699199974536895752e-02
6.699200028181076516e-02
6.699200016260146995e-02
6.699200031161307856e-02
6.699200052022934171e-02
6.699200013279914268e-02
6.699200028181076516e-02
6.699200013279914268e-02
6.699200022220611062e-02
6.699200043082237377e-02
6.699200004339217474e-02
6.699200016260146995e-02
6.699199986457825273e-02
6.699200031161307856e-02
6.699200007319450201e-02
6.699200010299682928e-02
6.699200010299682928e-02
6.699200040102004650e-02
6.699200028181076516e-02
6.699200007319450201e-02
6.699200049042701444e-02
6.699200022220611062e-02
6.699200025200843789e-02
6.699200057983398238e-02
6.699200034141540583e-02
6.699200031161307856e-02
6.699200019240379722e-02
6.699200001358986134e-02
6.699200019240379722e-02
6.699200031161307856e-02
6.699200046062470104e-02
6.699200016260146995e-02
6.699200013279914268e-02
6.699200040102004650e-02
6.699200049042701444e-02
6.699200013279914268e-02
6.699200028181076516e-02
6.699200031161307856e-02
6.699200028181076516e-02
6.699200016260146995e-02
6.699200004339217474e-02
6.699200010299682928e-02
6.699200016260146995e-02
6.699200025200843789e-02
6.699200043082237377e-02
6.699200010299682928e-02
6.699200028181076516e-02
6.699200007319450201e-02
6.699200037121773310e-02
6.699200004339217474e-02
6.699200007319450201e-02
6.699200049042701444e-02
6.699200028181076516e-02
6.699200052022934171e-02
6.699200019240379722e-02
6.699200016260146995e-02
6.699200022220611062e-02
6.699200037121773310e-02
6.699200046062470104e-02
6.699200043082237377e-02
6.699200025200843789e-02
6.699200043082237377e-02
6.699200034141540583e-02
6.699200013279914268e-02
6.699200034141540583e-02
6.699200001358986134e-02
6.699200028181076516e-02
6.699200016260146995e-02
6.699200022220611062e-02
6.699200040102004650e-02
6.699200010299682928e-02
6.699200031161307856e-02
6.699199998378753407e-02
6.699200043082237377e-02
6.699199989438056613e-02
6.699200022220611062e-02
6.699200019240379722e-02
6.699200019240379722e-02
6.699199989438056613e-02
6.699200007319450201e-02
6.699200025200843789e-02
6.699200016260146995e-02
6.699200022220611062e-02
6.699200007319450201e-02
6.699200049042701444e-02
6.699200031161307856e-02
6.699200013279914268e-02
6.699200028181076516e-02
