5.192616634368896200e+00
5.190216945648193025e+00
5.185358921051025582e+00
5.184127910614013679e+00
5.187080795288085966e+00
5.182785732269286960e+00
5.176731678009033111e+00
5.178018283843994318e+00
5.184723941802978686e+00
5.178370746612548814e+00
5.178342575073242138e+00
5.172520107269287237e+00
5.170176761627197415e+00
5.170011165618896065e+00
5.174085460662841918e+00
5.166726619720458658e+00
5.169441421508788714e+00
5.164209308624267969e+00
5.163265819549560653e+00
5.162898368835449503e+00
5.128989696502685547e+00
5.124253227233886321e+00
5.123355697631835959e+00
5.122447170257568239e+00
5.122472652435302365e+00
5.121703437805175341e+00
5.119091773986816030e+00
5.120543907165527209e+00
5.119186798095703317e+00
5.117493759155273381e+00
5.118137290954590135e+00
5.116413032531737848e+00
5.115615402221679986e+00
5.114466678619384865e+00
5.113490112304687862e+00
5.112478889465331910e+00
5.112371948242187436e+00
5.109826301574707408e+00
5.111852878570556591e+00
5.110895500183105788e+00
5.109947540283203082e+00
5.109214874267578033e+00
5.106608306884765192e+00
5.108858139038085611e+00
5.104520065307617038e+00
5.103112537384033587e+00
5.105954872131347244e+00
5.102415199279785263e+00
5.102428310394286903e+00
5.101460144042968992e+00
5.102129238128662259e+00
5.100356464385986222e+00
5.099730373382568516e+00
5.099421943664550483e+00
5.086138278961181314e+00
5.084250873565673956e+00
5.082883445739746264e+00
5.082407894134521875e+00
5.083519699096680000e+00
5.082941535949706768e+00
5.080997074127197699e+00
5.082002563476562429e+00
5.081110218048095817e+00
5.080934612274170092e+00
5.081077220916747628e+00
5.080296169281005803e+00
5.079987743377685661e+00
5.079999492645264070e+00
5.078614532470703047e+00
5.078164119720458558e+00
5.078872711181640298e+00
5.078193622589111555e+00
5.078427944183349751e+00
5.077206653594970476e+00
5.078193260192871428e+00
5.076896926879882699e+00
5.076921890258788927e+00
5.075768493652343949e+00
5.075782936096191023e+00
5.075092575073242074e+00
5.075627037048340284e+00
5.074444473266601641e+00
5.073606765747070035e+00
5.073109874725341584e+00
5.072533447265625384e+00
5.073637695312499751e+00
5.072867183685302983e+00
5.072976406097412294e+00
5.071885219573974979e+00
5.066711551666259972e+00
5.066077209472656051e+00
5.065502532958984006e+00
5.065463424682617344e+00
5.065552673339843714e+00
5.065322483062744574e+00
5.065161773681640334e+00
5.065199497222899971e+00
5.065011806488037394e+00
5.064858272552489993e+00
5.064934707641601364e+00
5.064710479736327819e+00
5.064382259368896300e+00
5.064091220855712727e+00
5.064200450897216932e+00
5.063797466278075809e+00
5.064022441864013402e+00
5.063800334930419922e+00
5.063697673797607379e+00
5.063578937530517798e+00
5.061652515411377173e+00
5.061331790924072038e+00
5.061506252288818786e+00
5.061254234313964595e+00
5.061385589599609602e+00
5.061201320648192947e+00
5.061218719482422301e+00
5.060924713134765440e+00
5.061083545684814666e+00
5.061076942443847315e+00
5.061056056976318551e+00
5.060956836700439609e+00
5.060896011352538970e+00
5.060784393310546747e+00
5.060723308563232159e+00
5.060555122375488324e+00
5.060781906127929552e+00
5.060635669708251960e+00
5.060627727508545171e+00
5.060608512878418175e+00
5.059877162933349659e+00
5.059808387756347337e+00
5.059834552764892912e+00
5.059803020477295021e+00
5.059770477294922131e+00
5.059715801239013544e+00
5.059696369171142294e+00
5.059479679107665717e+00
5.059525245666503857e+00
5.059444969177246065e+00
5.059454677581786797e+00
5.059467819213867124e+00
5.059380661010742131e+00
5.059365592956543090e+00
5.059364059448242301e+00
5.059357189178466996e+00
5.059359989166259730e+00
5.059333118438720689e+00
5.059331291198730263e+00
5.059331325531005952e+00
5.059329818725585959e+00
5.059327594757079716e+00
5.059318622589111136e+00
5.059318908691405881e+00
5.059318943023681570e+00
5.059318580627441442e+00
5.059317863464355192e+00
5.059314579010009361e+00
5.059314861297607102e+00
5.059314353942871101e+00
5.059314407348632692e+00
5.059314647674560739e+00
5.059313617706298949e+00
5.059313587188720263e+00
5.059313587188720263e+00
5.059313564300537358e+00
5.059313571929931364e+00
5.059313388824462798e+00
5.059313385009765796e+00
5.059313350677490106e+00
5.059313404083251697e+00
5.059313377380370902e+00
5.059313335418701207e+00
5.059313350677490106e+00
5.059313369750976896e+00
5.059313350677490106e+00
5.059313365936279006e+00
5.059313365936279006e+00
5.059313354492187109e+00
5.059313373565673899e+00
5.059313320159912308e+00
5.059313377380370902e+00
5.059313331604004205e+00
5.059313343048096101e+00
5.059313362121582003e+00
5.059313358306885000e+00
5.059313381195068793e+00
5.059313331604004205e+00
5.059313358306885000e+00
5.059313377380370902e+00
5.059313369750976896e+00
5.059313346862793104e+00
5.059313362121582003e+00
5.059313362121582003e+00
5.059313354492187109e+00
5.059313343048096101e+00
5.059313369750976896e+00
5.059313339233398210e+00
5.059313312530517415e+00
5.059313369750976896e+00
5.059313365936279006e+00
5.059313362121582003e+00
5.059313400268554695e+00
5.059313377380370902e+00
5.059313369750976896e+00
5.059313362121582003e+00
5.059313358306885000e+00
5.059313346862793104e+00
5.059313381195068793e+00
5.059313396453857692e+00
5.059313365936279006e+00
5.059313339233398210e+00
5.059313346862793104e+00
5.059313350677490106e+00
5.059313377380370902e+00
5.059313323974609311e+00
5.059313339233398210e+00
5.059313377380370902e+00
5.059313365936279006e+00
5.059313426971435490e+00
5.059313362121582003e+00
5.059313407897949588e+00
5.059313369750976896e+00
5.059313396453857692e+00
5.059313358306885000e+00
5.059313453674316285e+00
5.059313381195068793e+00
5.059313392639159801e+00
5.059313316345214417e+00
5.059313362121582003e+00
5.059313354492187109e+00
5.059313373565673899e+00
5.059313388824462798e+00
5.059313362121582003e+00
5.059313377380370902e+00
5.059313343048096101e+00
5.059313327789306314e+00
5.059313365936279006e+00
5.059313354492187109e+00
5.059313449859619283e+00
5.059313362121582003e+00
5.059313346862793104e+00
5.059313373565673899e+00
5.059313308715820412e+00
5.059313346862793104e+00
5.059313350677490106e+00
5.059313331604004205e+00
5.059313304901123409e+00
5.059313392639159801e+00
5.059313346862793104e+00
5.059313350677490106e+00
5.059313339233398210e+00
5.059313369750976896e+00
5.059313350677490106e+00
5.059313362121582003e+00
5.059313385009765796e+00
5.059313358306885000e+00
5.059313377380370902e+00
5.059313358306885000e+00
5.059313343048096101e+00
5.059313392639159801e+00
5.059313396453857692e+00
5.059313381195068793e+00
5.059313331604004205e+00
5.059313350677490106e+00
5.059313354492187109e+00
5.059313335418701207e+00
5.059313373565673899e+00
5.059313312530517415e+00
5.059313385009765796e+00
5.059313373565673899e+00
5.059313335418701207e+00
5.059313331604004205e+00
5.059313327789306314e+00
5.059313377380370902e+00
5.059313339233398210e+00
5.059313365936279006e+00
5.059313362121582003e+00
5.059313411712646591e+00
5.059313350677490106e+00
5.059313320159912308e+00
5.059313396453857692e+00
5.059313392639159801e+00
5.059313362121582003e+00
5.059313331604004205e+00
5.059313362121582003e+00
5.059313358306885000e+00
5.059313381195068793e+00
5.059313365936279006e+00
5.059313358306885000e+00
5.059313392639159801e+00
5.059313392639159801e+00
5.059313385009765796e+00
5.059313385009765796e+00
5.059313377380370902e+00
5.059313350677490106e+00
5.059313373565673899e+00
5.059313373565673899e+00
5.059313388824462798e+00
5.059313373565673899e+00
5.059313369750976896e+00
5.059313381195068793e+00
5.059313369750976896e+00
5.059313354492187109e+00
5.059313373565673899e+00
5.059313335418701207e+00
5.059313415527343594e+00
5.059313354492187109e+00
5.059313381195068793e+00
5.059313381195068793e+00
5.059313358306885000e+00
5.059313346862793104e+00
5.059313377380370902e+00
5.059313381195068793e+00
5.059313381195068793e+00
5.059313365936279006e+00
5.059313316345214417e+00
5.059313373565673899e+00
5.059313343048096101e+00
5.059313381195068793e+00
5.059313358306885000e+00
5.059313385009765796e+00
5.059313392639159801e+00
5.059313343048096101e+00
5.059313350677490106e+00
5.059313365936279006e+00
5.059313346862793104e+00
5.059313365936279006e+00
5.059313373565673899e+00
5.059313346862793104e+00
5.059313365936279006e+00
5.059313358306885000e+00
5.059313385009765796e+00
5.059313343048096101e+00
5.059313331604004205e+00
5.059313312530517415e+00
5.059313316345214417e+00
5.059313377380370902e+00
5.059313385009765796e+00
5.059313400268554695e+00
5.059313381195068793e+00
5.059313331604004205e+00
5.059313312530517415e+00
5.059313308715820412e+00
5.059313358306885000e+00
5.059313362121582003e+00
5.059313331604004205e+00
5.059313426971435490e+00
5.059313369750976896e+00
5.059313365936279006e+00
5.059313354492187109e+00
5.059313373565673899e+00
5.059313331604004205e+00
5.059313419342040596e+00
5.059313358306885000e+00
5.059313385009765796e+00
5.059313331604004205e+00
5.059313350677490106e+00
5.059313388824462798e+00
5.059313381195068793e+00
5.059313381195068793e+00
5.059313354492187109e+00
5.059313362121582003e+00
5.059313354492187109e+00
5.059313358306885000e+00
5.059313339233398210e+00
5.059313365936279006e+00
5.059313369750976896e+00
5.059313385009765796e+00
5.059313392639159801e+00
5.059313331604004205e+00
